hourlyActual; 2011-12-30; 2011-12-29; 0; 32.0;  0.0; 1; 32.0;  0.0; 2; 33.8;  0.0; 3; 33.8;  0.0; 4; 32.0;  0.0; 5; 32.0;  0.0; 6; 30.2;  0.0; 7; 30.0;  0.0; 8; 30.0;  0.0; 9; 30.0;  0.0; 10; 30.0;  0.0; 11; 30.9;  0.0; 12; 30.9;  0.0; 13; 30.0;  null; 14; 30.0;  null; 15; 30.0;  null; 16; 30.0;  null; 17; 28.0;  null; 18; 28.0;  null; 19; 26.1;  null; 20; 27.0;  null; 21; 23.0;  null; 22; null;  null; 23; null;  null; 
dailyActual; 2011-12-30; 2011-12-29; 34.0; 0.04; 
hourlyActual; 2011-12-30; 2011-12-28; 0; 28.9;  null; 1; 28.9;  null; 2; null;  null; 3; 30.0;  null; 4; 30.0;  null; 5; 30.9;  0.0; 6; 30.9;  0.0; 7; 30.2;  0.0; 8; 30.0;  0.0; 9; 30.2;  0.01; 10; 30.2;  0.0; 11; 30.2;  0.0; 12; 30.2;  0.01; 13; 30.2;  0.01; 14; 30.0;  0.02; 15; 30.2;  0.01; 16; 30.0;  0.03; 17; 30.2;  0.01; 18; 30.2;  0.0; 19; 30.2;  0.01; 20; 30.0;  0.02; 21; 30.9;  0.01; 22; 32.0;  0.01; 23; 32.0;  0.0; 
dailyActual; 2011-12-30; 2011-12-28; 32.0; 4.3399997; 
hourlyActual; 2011-12-30; 2011-12-27; 0; 33.1;  0.0; 1; 33.8;  0.0; 2; null;  null; 3; 33.1;  0.0; 4; 32.0;  0.0; 5; 32.0;  0.0; 6; 30.0;  0.01; 7; 30.9;  0.0; 8; 30.9;  0.0; 9; 30.9;  0.0; 10; 32.0;  0.0; 11; 32.0;  0.0; 12; 32.0;  0.0; 13; 33.1;  0.0; 14; 33.1;  null; 15; 32.0;  0.0; 16; 32.0;  0.0; 17; 32.0;  0.0; 18; 30.9;  null; 19; 30.9;  null; 20; 33.1;  null; 21; 32.0;  null; 22; 30.9;  null; 23; 30.0;  null; 
dailyActual; 2011-12-30; 2011-12-27; 33.0; 0.41; 
hourlyActual; 2011-12-30; 2011-12-26; 0; 32.0;  0.0; 1; 32.0;  0.0; 2; 34.0;  null; 3; 33.1;  0.0; 4; 32.0;  0.0; 5; 30.9;  0.0; 6; 30.0;  0.0; 7; 30.2;  0.0; 8; 32.0;  0.0; 9; 33.8;  0.0; 10; 32.0;  0.0; 11; 33.8;  0.0; 12; 33.8;  0.0; 13; 33.8;  0.0; 14; 33.8;  0.0; 15; 35.6;  0.0; 16; 36.0;  0.06; 17; 35.1;  0.03; 18; 33.8;  0.02; 19; 33.8;  0.01; 20; 33.1;  0.02; 21; 33.8;  0.0; 22; 33.1;  0.0; 23; 33.1;  0.0; 
dailyActual; 2011-12-30; 2011-12-26; 36.0; 1.31; 
hourlyActual; 2011-12-30; 2011-12-25; 0; 39.0;  0.0; 1; 39.0;  0.01; 2; null;  null; 3; 37.9;  0.0; 4; 37.9;  0.0; 5; 37.9;  null; 6; 37.0;  0.03; 7; 36.0;  0.06; 8; 35.6;  0.01; 9; 35.6;  null; 10; 35.1;  null; 11; 36.0;  null; 12; 35.1;  null; 13; 35.1;  null; 14; 34.0;  0.0; 15; 30.9;  null; 16; 30.9;  null; 17; 30.9;  null; 18; 30.9;  null; 19; 30.0;  null; 20; 30.9;  null; 21; 30.9;  null; 22; 30.9;  null; 23; 30.9;  null; 
dailyActual; 2011-12-30; 2011-12-25; 40.0; 0.13; 
hourlyActual; 2011-12-30; 2011-12-24; 0; 35.6;  0.01; 1; 37.9;  0.02; 2; null;  null; 3; 37.9;  0.0; 4; 39.0;  0.0; 5; 39.0;  0.0; 6; 37.9;  0.02; 7; 37.4;  0.02; 8; 37.9;  0.04; 9; 37.4;  0.0; 10; 37.0;  0.01; 11; 39.0;  0.0; 12; 37.9;  0.01; 13; 37.0;  0.03; 14; 36.0;  0.01; 15; 37.0;  0.0; 16; 37.9;  0.0; 17; 37.4;  0.0; 18; 39.2;  0.03; 19; 39.2;  0.04; 20; 39.0;  0.0; 21; 39.2;  0.0; 22; 39.2;  0.05; 23; 39.0;  0.03; 
dailyActual; 2011-12-30; 2011-12-24; 40.0; 0.38; 
hourlyActual; 2011-12-30; 2011-12-23; 0; 39.0;  0.01; 1; 41.0;  0.03; 2; null;  null; 3; 37.4;  0.0; 4; 37.9;  0.01; 5; 37.0;  0.0; 6; 35.1;  null; 7; 35.1;  0.0; 8; 35.1;  0.0; 9; 36.0;  0.0; 10; 37.9;  0.0; 11; 37.9;  0.0; 12; 36.0;  0.0; 13; 36.0;  0.04; 14; 34.0;  0.0; 15; 33.8;  0.02; 16; 34.0;  0.02; 17; 36.0;  0.01; 18; 37.0;  0.0; 19; 35.1;  0.05; 20; 35.6;  0.02; 21; 37.0;  0.0; 22; 37.0;  0.0; 23; 37.9;  0.0; 
dailyActual; 2011-12-30; 2011-12-23; 41.0; 0.24; 
hourlyActual; 2011-12-30; 2011-12-22; 0; 37.9;  0.13; 1; 37.9;  0.16; 2; 39.2;  0.1; 3; 37.4;  0.06; 4; 39.2;  0.05; 5; 39.2;  0.04; 6; 42.1;  0.02; 7; 43.0;  0.0; 8; 44.1;  0.0; 9; 43.0;  0.0; 10; 42.8;  null; 11; 42.1;  0.02; 12; 42.1;  0.03; 13; 42.1;  0.02; 14; 41.0;  0.04; 15; 39.9;  0.0; 16; 39.9;  0.06; 17; 39.9;  0.01; 18; 39.9;  0.03; 19; 41.0;  0.02; 20; 39.9;  0.03; 21; 39.9;  0.01; 22; 39.0;  0.01; 23; 39.2;  null; 
dailyActual; 2011-12-30; 2011-12-22; 44.0; 0.89; 
hourlyActual; 2011-12-30; 2011-12-21; 0; 36.0;  null; 1; 36.0;  null; 2; null;  null; 3; 37.0;  0.0; 4; 37.4;  0.0; 5; 37.0;  0.01; 6; 37.4;  0.01; 7; 37.0;  0.0; 8; 37.0;  0.0; 9; 37.0;  0.0; 10; 36.0;  0.0; 11; 35.6;  0.0; 12; 34.0;  0.04; 13; 34.0;  0.05; 14; 34.0;  0.04; 15; 35.1;  0.03; 16; 36.0;  0.01; 17; 37.0;  0.02; 18; 37.0;  0.02; 19; 37.9;  0.02; 20; 37.9;  0.04; 21; 37.9;  0.05; 22; 37.4;  0.04; 23; 37.9;  0.12; 
dailyActual; 2011-12-30; 2011-12-21; 38.0; 0.58; 
hourlyActual; 2011-12-30; 2011-12-20; 0; 33.1;  null; 1; 34.0;  null; 2; null;  null; 3; 36.0;  0.0; 4; 35.6;  0.0; 5; 35.6;  0.0; 6; 35.6;  0.01; 7; 35.1;  0.01; 8; 33.8;  0.02; 9; 33.8;  0.0; 10; 35.6;  0.0; 11; 35.1;  0.01; 12; 36.0;  null; 13; 36.0;  0.0; 14; 36.0;  null; 15; 34.0;  null; 16; 35.1;  null; 17; 35.6;  null; 18; 36.0;  null; 19; 36.0;  null; 20; 36.0;  null; 21; 36.0;  null; 22; 36.0;  null; 23; 35.6;  null; 
dailyActual; 2011-12-30; 2011-12-20; 37.0; 0.1; 
hourlyActual; 2011-12-30; 2011-12-19; 0; 37.4;  null; 1; 37.0;  null; 2; null;  null; 3; 37.9;  0.0; 4; 37.0;  null; 5; 37.9;  null; 6; 37.9;  null; 7; 37.0;  null; 8; 37.9;  null; 9; 37.4;  null; 10; 35.6;  0.0; 11; 36.0;  0.0; 12; 36.0;  0.0; 13; 35.1;  0.0; 14; 35.1;  0.0; 15; 33.8;  null; 16; 34.0;  0.0; 17; 34.0;  0.0; 18; 34.0;  0.0; 19; 34.0;  0.01; 20; 34.0;  0.0; 21; 33.1;  0.01; 22; 33.1;  0.0; 23; 33.8;  null; 
dailyActual; 2011-12-30; 2011-12-19; 38.0; 0.04; 
hourlyActual; 2011-12-30; 2011-12-18; 0; 33.1;  null; 1; 34.0;  null; 2; null;  null; 3; 34.0;  null; 4; 34.0;  null; 5; 34.0;  null; 6; 34.0;  0.0; 7; 35.1;  0.0; 8; 33.8;  0.0; 9; 34.0;  0.0; 10; 35.1;  0.0; 11; 35.1;  0.02; 12; 34.0;  0.04; 13; 33.8;  null; 14; 36.0;  0.1; 15; 36.0;  0.07; 16; 35.6;  0.07; 17; 35.6;  0.08; 18; 36.0;  0.09; 19; 35.6;  0.06; 20; 35.6;  0.0; 21; 36.0;  0.0; 22; 36.0;  0.01; 23; 37.0;  0.01; 
dailyActual; 2011-12-30; 2011-12-18; 36.0; 0.24; 
hourlyActual; 2011-12-30; 2011-12-17; 0; 28.4;  null; 1; 24.8;  null; 2; 24.8;  null; 3; 26.6;  null; 4; 30.0;  null; 5; 28.9;  null; 6; 28.9;  null; 7; 30.0;  null; 8; 30.0;  null; 9; 30.0;  0.0; 10; 30.2;  0.02; 11; 32.0;  0.01; 12; 32.0;  0.0; 13; 33.1;  0.0; 14; 33.8;  null; 15; 32.0;  0.0; 16; 33.1;  null; 17; 33.1;  null; 18; 33.1;  null; 19; 33.1;  0.0; 20; 33.1;  0.0; 21; 33.1;  null; 22; 33.1;  null; 23; 34.0;  null; 
dailyActual; 2011-12-30; 2011-12-17; 34.0; 0.23; 
hourlyActual; 2011-12-30; 2011-12-16; 0; 35.6;  0.0; 1; 35.6;  0.0; 2; 35.1;  null; 3; 36.0;  null; 4; 35.1;  0.0; 5; 35.1;  null; 6; 35.6;  null; 7; 35.1;  0.0; 8; 36.0;  0.0; 9; 35.1;  0.0; 10; 35.6;  0.02; 11; 36.0;  0.0; 12; 36.0;  0.0; 13; 36.0;  0.0; 14; 36.0;  0.0; 15; 36.0;  null; 16; 35.1;  null; 17; 34.0;  null; 18; 33.1;  null; 19; 32.0;  null; 20; 30.9;  null; 21; 30.0;  null; 22; 30.2;  null; 23; 28.9;  null; 
dailyActual; 2011-12-30; 2011-12-16; 37.0; 0.03; 
hourlyActual; 2011-12-30; 2011-12-15; 0; 28.9;  null; 1; 28.9;  null; 2; null;  null; 3; 30.0;  null; 4; 30.0;  null; 5; 30.0;  null; 6; 30.9;  null; 7; 30.9;  null; 8; 30.9;  null; 9; 30.9;  0.0; 10; 30.2;  0.0; 11; 30.2;  0.0; 12; 32.0;  0.0; 13; 32.0;  0.0; 14; 33.1;  0.02; 15; 34.0;  0.01; 16; 34.0;  0.0; 17; 33.8;  0.0; 18; 35.1;  0.0; 19; 35.1;  0.0; 20; 35.1;  0.0; 21; 33.8;  0.0; 22; 34.0;  0.0; 23; 35.1;  0.0; 
dailyActual; 2011-12-30; 2011-12-15; 33.0; 0.33; 
hourlyActual; 2011-12-30; 2011-12-14; 0; 32.0;  null; 1; 34.0;  0.0; 2; null;  null; 3; 34.0;  0.0; 4; 34.0;  0.0; 5; 34.0;  null; 6; 34.0;  0.0; 7; 33.8;  0.0; 8; 33.1;  0.0; 9; 34.0;  0.0; 10; 34.0;  0.0; 11; 34.0;  null; 12; 34.0;  null; 13; 34.0;  null; 14; 34.0;  null; 15; 33.1;  null; 16; 33.1;  null; 17; 32.0;  null; 18; 32.0;  null; 19; 30.9;  null; 20; 30.9;  null; 21; 30.9;  null; 22; 30.9;  null; 23; 30.0;  null; 
dailyActual; 2011-12-30; 2011-12-14; 35.0; null; 
hourlyActual; 2011-12-30; 2011-12-13; 0; 35.1;  null; 1; 35.1;  0.0; 2; null;  null; 3; 33.1;  0.0; 4; 33.1;  0.0; 5; 34.0;  0.0; 6; 34.0;  null; 7; 34.0;  0.0; 8; 33.8;  0.0; 9; 33.1;  0.01; 10; 33.1;  0.0; 11; 34.0;  0.0; 12; 34.0;  0.0; 13; 34.0;  0.0; 14; 35.6;  0.0; 15; 33.8;  null; 16; 34.0;  null; 17; 33.8;  0.0; 18; 32.0;  0.0; 19; 33.1;  0.0; 20; 32.0;  null; 21; 33.1;  0.0; 22; 33.1;  0.01; 23; 33.1;  0.0; 
dailyActual; 2011-12-30; 2011-12-13; 35.0; 0.13; 
hourlyActual; 2011-12-30; 2011-12-12; 0; 34.0;  0.07; 1; 34.0;  0.09; 2; null;  null; 3; 33.8;  0.03; 4; 35.1;  0.0; 5; 35.1;  0.0; 6; 36.0;  0.0; 7; 35.1;  0.03; 8; 35.1;  0.0; 9; 36.0;  null; 10; 36.0;  0.0; 11; 37.9;  0.0; 12; 37.0;  0.0; 13; 37.0;  null; 14; 35.6;  0.0; 15; 36.0;  0.0; 16; 35.6;  0.01; 17; 35.6;  0.0; 18; 35.1;  0.01; 19; 35.1;  0.0; 20; 35.1;  0.0; 21; 35.6;  0.0; 22; 35.6;  0.0; 23; 35.6;  null; 
dailyActual; 2011-12-30; 2011-12-12; 39.0; 0.33; 
hourlyActual; 2011-12-30; 2011-12-11; 0; 30.9;  null; 1; 30.2;  null; 2; 32.0;  null; 3; 32.0;  null; 4; 32.0;  null; 5; 32.0;  null; 6; 33.1;  0.0; 7; 33.1;  0.0; 8; 33.8;  null; 9; 33.1;  null; 10; 34.0;  null; 11; 34.0;  null; 12; 34.0;  null; 13; 35.6;  0.0; 14; 35.1;  0.0; 15; 35.1;  0.0; 16; 35.1;  0.01; 17; 35.1;  0.0; 18; 36.0;  0.03; 19; 37.0;  0.0; 20; 36.0;  0.01; 21; 35.6;  0.04; 22; 34.0;  0.05; 23; 34.0;  0.06; 
dailyActual; 2011-12-30; 2011-12-11; 37.0; 0.23; 
hourlyActual; 2011-12-30; 2011-12-10; 0; 35.1;  0.0; 1; 34.0;  0.0; 2; null;  null; 3; 33.8;  null; 4; 33.8;  0.02; 5; 33.8;  0.0; 6; 33.8;  null; 7; 32.0;  null; 8; 32.0;  null; 9; 32.0;  null; 10; 32.0;  null; 11; 33.8;  null; 12; 35.1;  null; 13; 35.1;  null; 14; 35.6;  null; 15; 33.1;  null; 16; 33.1;  null; 17; 32.0;  null; 18; 30.0;  null; 19; 30.0;  null; 20; 28.9;  null; 21; 27.0;  null; 22; 30.0;  null; 23; 30.0;  null; 
dailyActual; 2011-12-30; 2011-12-10; 35.0; 0.02; 
hourlyActual; 2011-12-30; 2011-12-09; 0; 39.2;  0.0; 1; 39.2;  0.08; 2; null;  null; 3; 39.0;  0.07; 4; 39.0;  0.03; 5; 37.9;  0.04; 6; 39.2;  0.01; 7; 39.0;  0.0; 8; 39.0;  0.01; 9; 37.9;  0.0; 10; 39.0;  0.0; 11; 37.9;  0.0; 12; 37.9;  0.0; 13; 37.9;  0.0; 14; 37.9;  null; 15; 37.0;  0.0; 16; 37.0;  0.01; 17; 36.0;  0.0; 18; 36.0;  0.01; 19; 36.0;  0.0; 20; 36.0;  0.0; 21; 35.1;  null; 22; 35.1;  null; 23; 35.1;  null; 
dailyActual; 2011-12-30; 2011-12-09; 40.0; 0.35; 
hourlyActual; 2011-12-30; 2011-12-08; 0; 30.0;  0.03; 1; 30.9;  0.02; 2; null;  null; 3; 30.2;  0.0; 4; 32.0;  0.01; 5; 32.0;  0.01; 6; 32.0;  0.0; 7; 33.1;  0.02; 8; 33.8;  0.01; 9; 34.0;  0.02; 10; 33.8;  0.01; 11; 35.1;  0.0; 12; 35.1;  0.0; 13; 36.0;  0.0; 14; 37.0;  0.0; 15; 37.0;  0.0; 16; 37.0;  0.0; 17; 37.9;  0.0; 18; 39.0;  0.0; 19; 37.9;  0.0; 20; 39.0;  0.02; 21; 39.2;  0.0; 22; 39.0;  0.0; 23; 39.0;  0.0; 
dailyActual; 2011-12-30; 2011-12-08; 37.0; 2.07; 
hourlyActual; 2011-12-30; 2011-12-07; 0; 27.0;  null; 1; 27.0;  null; 2; null;  null; 3; 27.0;  null; 4; 26.1;  null; 5; 24.1;  null; 6; 24.1;  null; 7; 24.1;  null; 8; 25.0;  null; 9; 26.1;  null; 10; 28.0;  null; 11; 30.0;  null; 12; 30.0;  null; 13; 30.0;  null; 14; 30.0;  null; 15; 30.0;  null; 16; 30.0;  null; 17; 30.9;  null; 18; 30.9;  null; 19; 30.9;  null; 20; 30.9;  null; 21; 30.9;  0.0; 22; 30.0;  0.0; 23; 30.2;  0.0; 
dailyActual; 2011-12-30; 2011-12-07; 31.0; 0.0; 
hourlyActual; 2011-12-30; 2011-12-06; 0; 35.1;  0.0; 1; 35.1;  0.0; 2; null;  null; 3; 32.0;  null; 4; 33.1;  null; 5; 33.1;  null; 6; 30.9;  0.0; 7; 30.9;  0.0; 8; 30.9;  0.0; 9; 32.0;  0.0; 10; 32.0;  null; 11; 32.0;  null; 12; 32.0;  null; 13; 32.0;  null; 14; 30.9;  null; 15; 30.9;  null; 16; 30.9;  0.0; 17; 30.0;  0.0; 18; 30.0;  0.0; 19; 28.9;  0.0; 20; 28.9;  0.0; 21; 28.0;  0.0; 22; 28.0;  null; 23; 28.0;  null; 
dailyActual; 2011-12-30; 2011-12-06; 36.0; null; 
hourlyActual; 2011-12-30; 2011-12-05; 0; 39.9;  0.02; 1; 39.9;  0.0; 2; null;  null; 3; 42.1;  0.01; 4; 42.1;  0.0; 5; 41.0;  0.0; 6; 42.1;  0.09; 7; 42.8;  0.01; 8; 41.0;  0.01; 9; 42.1;  0.19; 10; 42.1;  0.11; 11; 39.2;  0.12; 12; 39.2;  null; 13; 39.9;  null; 14; 39.9;  null; 15; 39.9;  null; 16; 39.0;  null; 17; 37.0;  null; 18; 37.0;  null; 19; 37.0;  null; 20; 36.0;  null; 21; 35.6;  0.0; 22; 35.1;  null; 23; 36.0;  null; 
dailyActual; 2011-12-30; 2011-12-05; 44.0; 0.65; 
hourlyActual; 2011-12-30; 2011-12-04; 0; 37.0;  0.0; 1; 37.0;  0.02; 2; null;  null; 3; 37.0;  0.0; 4; 37.9;  0.02; 5; 37.9;  0.01; 6; 37.9;  0.01; 7; 37.9;  0.0; 8; 37.9;  0.0; 9; 37.9;  0.0; 10; 39.0;  0.0; 11; 39.0;  null; 12; 39.2;  0.0; 13; 39.0;  0.0; 14; 39.0;  0.02; 15; 39.0;  0.08; 16; 37.4;  0.04; 17; 39.2;  0.02; 18; 39.2;  0.01; 19; 39.9;  0.0; 20; 39.9;  0.0; 21; 41.0;  0.0; 22; 41.0;  0.0; 23; 41.0;  0.0; 
dailyActual; 2011-12-30; 2011-12-04; 41.0; 0.24; 
hourlyActual; 2011-12-30; 2011-12-03; 0; 35.6;  0.0; 1; 35.6;  0.0; 2; null;  null; 3; 39.2;  0.0; 4; 39.0;  0.0; 5; 39.0;  null; 6; 37.4;  0.0; 7; 37.9;  0.01; 8; 39.2;  0.0; 9; 39.0;  0.01; 10; 39.0;  0.0; 11; 39.2;  0.0; 12; 39.2;  0.0; 13; 39.0;  0.0; 14; 39.0;  0.0; 15; 37.9;  null; 16; 37.9;  null; 17; 37.9;  null; 18; 37.0;  null; 19; 35.1;  null; 20; 37.0;  null; 21; 37.9;  null; 22; 37.9;  null; 23; 37.0;  0.0; 
dailyActual; 2011-12-30; 2011-12-03; 39.0; 0.03; 
hourlyActual; 2011-12-30; 2011-12-02; 0; 36.0;  null; 1; 36.0;  null; 2; null;  null; 3; 35.1;  0.01; 4; 35.1;  0.01; 5; 35.1;  0.0; 6; 35.1;  0.0; 7; 36.0;  0.0; 8; 35.6;  0.01; 9; 36.0;  0.0; 10; 36.0;  0.01; 11; 36.0;  0.02; 12; 37.0;  0.0; 13; 37.0;  0.0; 14; 37.0;  0.0; 15; 37.9;  0.0; 16; 37.9;  0.01; 17; 39.0;  0.01; 18; 39.0;  0.08; 19; 39.0;  0.07; 20; 39.0;  0.06; 21; 39.2;  0.04; 22; 39.0;  0.01; 23; 37.4;  0.02; 
dailyActual; 2011-12-30; 2011-12-02; 40.0; 0.42; 
hourlyActual; 2011-12-30; 2011-12-01; 0; 34.0;  0.17; 1; 33.1;  0.13; 2; 33.8;  0.13; 3; 33.1;  0.14; 4; 33.1;  0.17; 5; 34.0;  0.16; 6; 33.8;  0.05; 7; 33.8;  0.03; 8; 33.8;  null; 9; 35.1;  null; 10; 37.9;  0.0; 11; 37.0;  0.0; 12; 36.0;  0.01; 13; 35.6;  0.0; 14; 35.1;  0.02; 15; 35.6;  0.01; 16; 35.1;  0.02; 17; 36.0;  0.02; 18; 36.0;  0.02; 19; 35.1;  0.0; 20; 36.0;  0.01; 21; 35.1;  0.0; 22; 34.0;  null; 23; 36.0;  null; 
dailyActual; 2011-12-30; 2011-12-01; 39.0; 1.52; 
hourlyActual; 2011-12-30; 2011-11-30; 0; 35.6;  0.0; 1; 36.0;  null; 2; null;  null; 3; 37.4;  0.0; 4; 36.0;  0.0; 5; 36.0;  null; 6; 37.0;  0.0; 7; 37.9;  null; 8; 37.9;  null; 9; 37.9;  null; 10; 37.4;  0.0; 11; 39.9;  0.0; 12; 39.9;  0.0; 13; 39.0;  0.0; 14; 37.4;  0.03; 15; 37.9;  0.04; 16; 37.9;  0.08; 17; 37.9;  0.08; 18; 37.9;  0.05; 19; 39.0;  0.02; 20; 39.0;  0.09; 21; 37.4;  0.08; 22; 35.6;  0.21; 23; 33.8;  0.08; 
dailyActual; 2011-12-30; 2011-11-30; 40.0; 1.11; 
hourlyActual; 2011-12-30; 2011-11-29; 0; 36.0;  0.0; 1; 36.0;  0.0; 2; null;  null; 3; 35.1;  null; 4; 35.1;  0.0; 5; 34.0;  0.0; 6; 32.0;  null; 7; 28.9;  null; 8; 28.4;  null; 9; 30.2;  null; 10; 30.9;  null; 11; 32.0;  null; 12; 30.9;  null; 13; 33.1;  null; 14; 34.0;  null; 15; 33.1;  0.0; 16; 34.0;  0.01; 17; 34.0;  0.0; 18; 33.1;  0.0; 19; 34.0;  0.0; 20; 36.0;  null; 21; 35.1;  null; 22; 35.1;  null; 23; 36.0;  0.0; 
dailyActual; 2011-12-30; 2011-11-29; 36.0; 0.01; 
hourlyActual; 2011-12-30; 2011-11-28; 0; 33.1;  0.01; 1; 33.8;  0.01; 2; null;  null; 3; 35.1;  0.04; 4; 35.1;  0.08; 5; 35.1;  0.13; 6; 33.8;  0.04; 7; 35.6;  0.01; 8; 36.0;  0.0; 9; 37.0;  0.0; 10; 37.0;  0.0; 11; 37.0;  0.0; 12; 37.4;  0.0; 13; 36.0;  0.0; 14; 37.0;  0.0; 15; 37.0;  0.0; 16; 36.0;  null; 17; 35.1;  null; 18; 37.0;  0.0; 19; 36.0;  0.0; 20; 36.0;  0.0; 21; 35.6;  0.01; 22; 36.0;  null; 23; 36.0;  0.0; 
dailyActual; 2011-12-30; 2011-11-28; 38.0; 0.41; 
hourlyActual; 2011-12-30; 2011-11-27; 0; 19.9;  null; 1; 23.0;  null; 2; null;  null; 3; 23.0;  null; 4; 24.1;  null; 5; 25.0;  0.0; 6; 26.6;  0.0; 7; 28.4;  0.0; 8; 28.4;  0.01; 9; 28.4;  0.01; 10; 28.4;  0.01; 11; 30.9;  null; 12; 30.9;  null; 13; 30.9;  null; 14; 32.0;  null; 15; 30.9;  null; 16; 30.9;  null; 17; 30.0;  null; 18; 32.0;  0.0; 19; 33.1;  0.0; 20; 32.0;  0.01; 21; 32.0;  0.02; 22; 32.0;  0.02; 23; 33.1;  0.01; 
dailyActual; 2011-12-30; 2011-11-27; 33.0; 1.53; 
hourlyActual; 2011-12-30; 2011-11-26; 0; 32.0;  0.0; 1; 30.2;  0.0; 2; 30.2;  0.03; 3; 30.0;  0.01; 4; 28.9;  0.01; 5; 28.4;  0.0; 6; 28.0;  0.0; 7; 28.0;  0.0; 8; 28.0;  null; 9; 28.0;  0.0; 10; 28.9;  0.0; 11; 32.0;  null; 12; 30.9;  0.0; 13; 30.9;  0.0; 14; 30.0;  null; 15; 30.0;  null; 16; 28.0;  null; 17; 28.0;  null; 18; 27.0;  null; 19; 27.0;  null; 20; 27.0;  null; 21; 26.1;  null; 22; 24.1;  null; 23; 23.0;  null; 
dailyActual; 2011-12-30; 2011-11-26; 33.0; 2.57; 
hourlyActual; 2011-12-30; 2011-11-25; 0; 25.0;  null; 1; 26.1;  0.0; 2; 27.0;  0.0; 3; 28.0;  0.0; 4; 28.0;  0.0; 5; 28.0;  0.0; 6; 30.0;  null; 7; 28.4;  0.0; 8; 28.4;  0.0; 9; 28.9;  0.0; 10; 30.0;  0.01; 11; 30.9;  null; 12; 32.0;  null; 13; 32.0;  0.0; 14; 32.0;  0.0; 15; 32.0;  0.0; 16; 32.0;  0.01; 17; 32.0;  0.01; 18; 32.0;  0.03; 19; 32.0;  0.0; 20; 33.1;  null; 21; 34.0;  null; 22; 33.1;  0.0; 23; 33.1;  null; 
dailyActual; 2011-12-30; 2011-11-25; 34.0; 1.7800001; 
hourlyActual; 2011-12-30; 2011-11-24; 0; 24.1;  null; 1; 25.0;  null; 2; null;  null; 3; 28.4;  0.0; 4; 30.0;  0.0; 5; 30.9;  0.0; 6; 30.2;  0.0; 7; 30.2;  0.0; 8; 32.0;  0.0; 9; 32.0;  0.0; 10; 32.0;  0.0; 11; 30.0;  0.0; 12; 28.4;  0.02; 13; 28.4;  0.01; 14; 28.9;  null; 15; 28.0;  null; 16; 27.0;  null; 17; 26.1;  null; 18; 26.1;  null; 19; 25.0;  null; 20; 26.1;  null; 21; 25.0;  null; 22; 25.0;  null; 23; 26.1;  null; 
dailyActual; 2011-12-30; 2011-11-24; 32.0; 1.97; 
hourlyActual; 2011-12-30; 2011-11-23; 0; 30.2;  0.0; 1; 30.2;  0.0; 2; null;  null; 3; 30.2;  0.0; 4; 30.2;  0.0; 5; 30.2;  0.0; 6; 30.2;  0.0; 7; 30.0;  0.0; 8; 28.9;  0.0; 9; 28.9;  0.0; 10; 28.4;  0.0; 11; 28.4;  0.01; 12; 28.4;  0.01; 13; 28.4;  0.0; 14; 28.4;  0.02; 15; 28.4;  0.01; 16; 28.4;  null; 17; 28.4;  0.0; 18; 28.4;  0.0; 19; 28.4;  0.01; 20; 30.2;  0.01; 21; 26.6;  0.0; 22; 26.6;  0.01; 23; 23.0;  null; 
dailyActual; 2011-12-30; 2011-11-23; 31.0; 14.4; 
hourlyActual; 2011-12-30; 2011-11-22; 0; 28.9;  0.0; 1; 28.0;  0.0; 2; null;  null; 3; 26.1;  null; 4; 24.1;  null; 5; 24.1;  null; 6; 24.8;  null; 7; 24.1;  null; 8; 24.1;  null; 9; 33.1;  null; 10; 33.1;  null; 11; 32.0;  0.0; 12; 30.9;  0.0; 13; 33.1;  0.0; 14; 30.2;  0.0; 15; 32.0;  0.0; 16; 30.2;  0.0; 17; 30.2;  0.0; 18; 30.2;  0.0; 19; 30.2;  0.02; 20; 28.4;  0.05; 21; 28.4;  0.0; 22; 30.2;  0.0; 23; 30.9;  0.0; 
dailyActual; 2011-12-30; 2011-11-22; 34.0; null; 
hourlyActual; 2011-12-30; 2011-11-21; 0; 19.0;  0.0; 1; 19.9;  0.0; 2; null;  null; 3; 21.9;  0.01; 4; 23.0;  0.0; 5; 25.0;  0.01; 6; 24.8;  0.0; 7; 24.8;  0.01; 8; 23.0;  0.01; 9; 24.8;  0.0; 10; 27.0;  0.0; 11; 26.6;  0.01; 12; 28.0;  0.0; 13; 28.0;  null; 14; 27.0;  0.0; 15; 28.0;  0.0; 16; 28.0;  0.0; 17; 27.0;  0.01; 18; 28.4;  0.0; 19; 28.0;  0.0; 20; 28.4;  0.0; 21; 28.0;  0.0; 22; 27.0;  0.0; 23; 26.6;  0.0; 
dailyActual; 2011-12-30; 2011-11-21; 28.0; 1.37; 
hourlyActual; 2011-12-30; 2011-11-20; 0; 9.0;  null; 1; 10.9;  null; 2; null;  null; 3; 12.0;  null; 4; 12.2;  null; 5; 12.0;  null; 6; 12.0;  null; 7; 12.0;  null; 8; 12.9;  null; 9; 12.9;  0.0; 10; 14.0;  0.0; 11; 15.1;  0.0; 12; 15.1;  0.0; 13; 16.0;  0.0; 14; 15.1;  null; 15; 15.1;  null; 16; 15.1;  0.0; 17; 16.0;  0.0; 18; 17.1;  0.0; 19; 17.1;  0.0; 20; 17.1;  0.0; 21; 17.1;  0.0; 22; 17.1;  0.0; 23; 19.0;  0.0; 
dailyActual; 2011-12-30; 2011-11-20; 16.0; null; 
hourlyActual; 2011-12-30; 2011-11-19; 0; 16.0;  null; 1; 15.1;  null; 2; null;  null; 3; 12.0;  null; 4; 12.0;  null; 5; 12.0;  null; 6; 12.0;  null; 7; 10.9;  null; 8; 10.9;  null; 9; 14.0;  null; 10; 17.1;  null; 11; 16.0;  null; 12; 15.1;  null; 13; 14.0;  null; 14; 12.9;  null; 15; 10.9;  null; 16; 10.0;  null; 17; 10.9;  null; 18; 10.0;  null; 19; 10.0;  null; 20; 8.1;  null; 21; 9.0;  null; 22; 10.0;  null; 23; 9.0;  null; 
dailyActual; 2011-12-30; 2011-11-19; 17.0; 0.0; 
hourlyActual; 2011-12-30; 2011-11-18; 0; 14.0;  null; 1; 12.9;  null; 2; null;  null; 3; 12.0;  null; 4; 12.0;  null; 5; 10.9;  null; 6; 10.4;  null; 7; 10.9;  null; 8; 12.0;  null; 9; 15.1;  null; 10; 19.0;  null; 11; 18.0;  null; 12; 17.1;  null; 13; 18.0;  null; 14; 18.0;  null; 15; 18.0;  null; 16; 18.0;  null; 17; 19.0;  null; 18; 19.0;  null; 19; 19.0;  null; 20; 18.0;  0.0; 21; 18.0;  0.0; 22; 17.1;  0.0; 23; 15.1;  0.0; 
dailyActual; 2011-12-30; 2011-11-18; 19.0; null; 
hourlyActual; 2011-12-30; 2011-11-17; 0; 27.0;  null; 1; 26.1;  0.0; 2; null;  null; 3; 25.0;  0.0; 4; 25.0;  0.0; 5; 25.0;  0.0; 6; 24.1;  0.0; 7; 23.0;  0.0; 8; 23.0;  null; 9; 24.1;  null; 10; 25.0;  null; 11; 25.0;  null; 12; 25.0;  null; 13; 24.1;  null; 14; 23.0;  null; 15; 21.9;  null; 16; 21.0;  null; 17; 19.0;  null; 18; 19.0;  null; 19; 17.1;  null; 20; 16.0;  null; 21; 15.1;  null; 22; 17.1;  null; 23; 16.0;  null; 
dailyActual; 2011-12-30; 2011-11-17; 27.0; null; 
hourlyActual; 2011-12-30; 2011-11-16; 0; 34.0;  0.0; 1; 33.8;  0.0; 2; null;  null; 3; 33.1;  0.03; 4; 34.0;  0.02; 5; 34.0;  0.04; 6; 33.8;  0.03; 7; 35.1;  0.01; 8; 35.6;  0.02; 9; 36.0;  0.0; 10; 36.0;  0.0; 11; 35.6;  0.0; 12; 32.0;  0.0; 13; 32.0;  0.0; 14; 32.0;  null; 15; 30.9;  0.0; 16; 30.9;  0.0; 17; 30.0;  0.0; 18; 30.0;  0.0; 19; 30.0;  0.0; 20; 28.9;  null; 21; 28.9;  0.0; 22; 28.0;  0.0; 23; 27.0;  null; 
dailyActual; 2011-12-30; 2011-11-16; 37.0; 0.18; 
hourlyActual; 2011-12-30; 2011-11-15; 0; 32.0;  0.0; 1; 32.0;  0.0; 2; 30.2;  null; 3; 26.6;  null; 4; 28.0;  null; 5; 28.9;  0.0; 6; 27.0;  0.0; 7; 28.0;  null; 8; 26.1;  null; 9; 28.0;  null; 10; 30.9;  null; 11; 30.9;  0.0; 12; 30.2;  0.0; 13; 32.0;  0.0; 14; 32.0;  0.0; 15; 32.0;  0.0; 16; 32.0;  0.0; 17; 32.0;  0.01; 18; 33.1;  0.02; 19; 33.8;  0.02; 20; 34.0;  0.02; 21; 34.0;  0.01; 22; 34.0;  0.02; 23; 34.0;  0.03; 
dailyActual; 2011-12-30; 2011-11-15; 35.0; 0.95000005; 
hourlyActual; 2011-12-30; 2011-11-14; 0; 30.9;  0.0; 1; 30.2;  0.02; 2; 30.9;  0.14; 3; 30.2;  null; 4; 30.2;  0.01; 5; 33.1;  0.0; 6; 32.0;  0.0; 7; 32.0;  0.0; 8; 32.0;  0.0; 9; 32.0;  0.0; 10; 30.9;  0.1; 11; 30.2;  0.03; 12; 30.2;  0.01; 13; 33.8;  0.0; 14; 32.0;  0.02; 15; 30.9;  0.0; 16; 30.0;  null; 17; 30.9;  0.0; 18; 32.0;  null; 19; 30.9;  0.0; 20; 30.2;  0.01; 21; 30.2;  0.01; 22; 30.2;  0.0; 23; 33.1;  0.0; 
dailyActual; 2011-12-30; 2011-11-14; 34.0; 12.190001; 
hourlyActual; 2011-12-30; 2011-11-13; 0; 36.0;  0.05; 1; 35.1;  0.0; 2; null;  null; 3; 35.1;  0.0; 4; 35.1;  0.0; 5; 35.1;  0.01; 6; 33.8;  0.01; 7; 33.1;  0.02; 8; 34.0;  0.0; 9; 33.8;  0.01; 10; 34.0;  0.0; 11; 35.1;  0.0; 12; 35.6;  0.0; 13; 33.8;  0.0; 14; 34.0;  0.0; 15; 35.1;  null; 16; 33.1;  null; 17; 33.1;  null; 18; 33.1;  0.0; 19; 30.9;  0.0; 20; 30.2;  0.0; 21; 30.2;  0.04; 22; 30.9;  0.03; 23; 32.0;  0.04; 
dailyActual; 2011-12-30; 2011-11-13; 36.0; 0.32; 
hourlyActual; 2011-12-30; 2011-11-12; 0; 32.0;  0.01; 1; 33.8;  0.03; 2; 33.8;  0.03; 3; 34.0;  0.06; 4; 35.1;  0.07; 5; 35.6;  0.05; 6; 36.0;  0.09; 7; 35.6;  0.02; 8; 37.0;  0.08; 9; 37.0;  0.06; 10; 37.0;  0.05; 11; 37.9;  0.04; 12; 39.0;  0.02; 13; 36.0;  0.04; 14; 36.0;  0.05; 15; 35.1;  0.01; 16; 35.6;  0.02; 17; 33.8;  0.02; 18; 35.1;  0.01; 19; 39.9;  0.01; 20; 37.9;  0.0; 21; 39.2;  0.0; 22; 37.0;  0.0; 23; 37.0;  0.01; 
dailyActual; 2011-12-30; 2011-11-12; 40.0; 1.15; 
hourlyActual; 2011-12-30; 2011-11-11; 0; 33.1;  null; 1; 33.8;  0.0; 2; 33.8;  0.01; 3; 35.6;  null; 4; 32.0;  null; 5; 33.1;  null; 6; 32.0;  null; 7; 32.0;  null; 8; 33.1;  null; 9; 35.6;  null; 10; 37.0;  null; 11; 37.0;  null; 12; 37.9;  null; 13; 35.6;  null; 14; 34.0;  null; 15; 32.0;  null; 16; 32.0;  null; 17; 32.0;  null; 18; 32.0;  null; 19; 32.0;  null; 20; 34.0;  0.0; 21; 32.0;  0.0; 22; 32.0;  0.02; 23; 32.0;  0.03; 
dailyActual; 2011-12-30; 2011-11-11; 38.0; 0.02; 
hourlyActual; 2011-12-30; 2011-11-10; 0; 30.9;  null; 1; 33.1;  null; 2; null;  null; 3; 34.0;  null; 4; 34.0;  null; 5; 33.1;  0.0; 6; 33.1;  0.0; 7; 34.0;  0.0; 8; 35.1;  0.01; 9; 35.1;  0.0; 10; 35.6;  0.0; 11; 36.0;  0.04; 12; 36.0;  0.03; 13; 36.0;  0.03; 14; 36.0;  0.09; 15; 37.0;  0.06; 16; 37.0;  0.05; 17; 37.4;  0.08; 18; 37.0;  0.03; 19; 37.0;  0.03; 20; 36.0;  0.03; 21; 35.6;  0.0; 22; 33.8;  0.01; 23; 33.1;  null; 
dailyActual; 2011-12-30; 2011-11-10; 38.0; 0.59; 
hourlyActual; 2011-12-30; 2011-11-09; 0; 32.0;  null; 1; 32.0;  null; 2; null;  null; 3; 30.9;  null; 4; 30.0;  null; 5; 28.0;  null; 6; 28.9;  null; 7; 28.0;  null; 8; 28.9;  null; 9; 32.0;  null; 10; 33.1;  null; 11; 36.0;  null; 12; 37.0;  null; 13; 36.0;  null; 14; 36.0;  null; 15; 33.1;  null; 16; 30.0;  null; 17; 28.9;  null; 18; 28.0;  null; 19; 27.0;  null; 20; 26.6;  null; 21; 30.0;  null; 22; 30.2;  null; 23; 32.0;  null; 
dailyActual; 2011-12-30; 2011-11-09; 38.0; 0.0; 
hourlyActual; 2011-12-30; 2011-11-08; 0; 36.0;  null; 1; 36.0;  null; 2; null;  null; 3; 35.1;  null; 4; 35.1;  null; 5; 34.0;  null; 6; 35.1;  null; 7; 34.0;  null; 8; 36.0;  null; 9; 37.0;  null; 10; 37.9;  null; 11; 39.0;  null; 12; 39.0;  null; 13; 39.9;  null; 14; 39.0;  0.0; 15; 37.9;  0.0; 16; 39.0;  null; 17; 37.9;  null; 18; 37.9;  null; 19; 37.9;  null; 20; 37.9;  null; 21; 36.0;  null; 22; 35.1;  null; 23; 33.1;  null; 
dailyActual; 2011-12-30; 2011-11-08; 40.0; 0.0; 
hourlyActual; 2011-12-30; 2011-11-07; 0; 37.9;  0.01; 1; 37.4;  0.0; 2; null;  null; 3; 37.4;  0.0; 4; 36.0;  0.02; 5; 36.0;  0.0; 6; 37.0;  0.0; 7; 37.0;  0.0; 8; 37.0;  0.01; 9; 37.4;  0.01; 10; 37.9;  0.0; 11; 37.9;  0.01; 12; 37.4;  0.02; 13; 37.9;  0.01; 14; 37.9;  0.01; 15; 37.9;  0.01; 16; 37.0;  0.0; 17; 37.9;  0.0; 18; 37.0;  0.0; 19; 37.0;  0.0; 20; 36.0;  null; 21; 36.0;  null; 22; 36.0;  null; 23; 36.0;  null; 
dailyActual; 2011-12-30; 2011-11-07; 39.0; 0.15; 
hourlyActual; 2011-12-30; 2011-11-06; 0; 33.8;  0.0; 1; 35.1;  0.0; 2; null;  null; 3; 35.1;  0.0; 4; 36.0;  0.0; 5; 35.6;  0.01; 6; 36.0;  0.01; 7; 36.0;  0.03; 8; 37.0;  0.02; 9; 37.4;  0.01; 10; 39.2;  0.02; 11; 39.2;  0.0; 12; 39.0;  0.04; 13; 37.9;  0.05; 14; 37.4;  null; 15; 37.4;  0.0; 16; 37.4;  0.03; 17; 37.0;  0.09; 18; 37.4;  0.0; 19; 37.0;  null; 20; 37.4;  null; 21; 37.0;  0.0; 22; 37.4;  0.0; 23; null;  null; 
dailyActual; 2011-12-30; 2011-11-06; 39.0; 0.48; 
hourlyActual; 2011-12-30; 2011-11-05; 0; 32.0;  0.04; 1; 32.0;  0.04; 2; 32.0;  0.03; 3; 32.0;  0.02; 4; 32.0;  0.0; 5; 32.0;  0.01; 6; 32.0;  null; 7; 32.0;  0.01; 8; 32.0;  0.0; 9; 32.0;  0.0; 10; 33.8;  null; 11; 33.8;  null; 12; 33.1;  null; 13; 34.0;  0.01; 14; 33.8;  0.0; 15; 34.0;  0.0; 16; 33.1;  0.0; 17; 33.1;  0.0; 18; 33.1;  0.01; 19; 33.1;  0.01; 20; 33.8;  0.0; 21; 33.8;  0.01; 22; 33.1;  0.0; 23; 34.0;  0.01; 
dailyActual; 2011-12-30; 2011-11-05; 34.0; 0.83; 
hourlyActual; 2011-12-30; 2011-11-04; 0; 28.9;  null; 1; 30.0;  null; 2; 30.0;  null; 3; 30.0;  0.0; 4; 28.0;  0.0; 5; 28.0;  0.0; 6; 28.4;  0.0; 7; 28.0;  0.01; 8; 28.4;  0.0; 9; 30.2;  0.0; 10; 30.9;  0.0; 11; 30.9;  0.0; 12; 32.0;  0.0; 13; 32.0;  0.01; 14; 32.0;  0.03; 15; 33.8;  0.02; 16; 32.0;  0.02; 17; 33.1;  0.03; 18; 33.8;  0.01; 19; 33.8;  0.01; 20; 33.1;  0.04; 21; 33.8;  0.02; 22; 32.0;  0.03; 23; 32.0;  0.03; 
dailyActual; 2011-12-30; 2011-11-04; 33.0; 4.62; 
hourlyActual; 2011-12-30; 2011-11-03; 0; 23.0;  null; 1; 23.0;  null; 2; 21.9;  null; 3; 21.9;  null; 4; 21.9;  null; 5; 21.9;  null; 6; 21.0;  null; 7; 21.9;  null; 8; 21.9;  null; 9; 25.0;  null; 10; 28.0;  null; 11; 30.0;  null; 12; 34.0;  null; 13; 34.0;  null; 14; 34.0;  null; 15; 30.9;  null; 16; 28.0;  null; 17; 26.1;  null; 18; 24.1;  null; 19; 24.1;  null; 20; 26.1;  null; 21; 28.0;  null; 22; 27.0;  null; 23; 27.0;  null; 
dailyActual; 2011-12-30; 2011-11-03; 34.0; 0.0; 
hourlyActual; 2011-12-30; 2011-11-02; 0; 36.0;  null; 1; 36.0;  null; 2; 33.1;  null; 3; 33.1;  null; 4; 32.0;  null; 5; 32.0;  null; 6; 30.9;  null; 7; 30.2;  null; 8; 30.2;  null; 9; 28.4;  null; 10; 34.0;  null; 11; 36.0;  null; 12; 39.0;  null; 13; 39.9;  null; 14; 37.9;  null; 15; 36.0;  null; 16; 34.0;  null; 17; 30.0;  null; 18; 28.9;  null; 19; 28.9;  null; 20; 27.0;  null; 21; 27.0;  null; 22; 27.0;  null; 23; 24.1;  null; 
dailyActual; 2011-12-30; 2011-11-02; 40.0; 0.0; 
hourlyActual; 2011-12-30; 2011-11-01; 0; 43.0;  0.03; 1; 43.0;  0.04; 2; 43.0;  0.03; 3; 42.1;  0.0; 4; 42.8;  null; 5; 42.8;  0.05; 6; 42.1;  0.08; 7; 41.0;  0.06; 8; 42.1;  0.06; 9; 41.0;  0.0; 10; 42.8;  null; 11; 42.1;  0.05; 12; 42.1;  0.12; 13; 41.0;  0.06; 14; 41.0;  0.13; 15; 39.9;  0.07; 16; 39.0;  0.07; 17; 39.9;  0.04; 18; 39.9;  0.01; 19; 39.0;  0.01; 20; 39.0;  0.01; 21; 37.9;  null; 22; 37.0;  0.0; 23; 36.0;  null; 
dailyActual; 2011-12-30; 2011-11-01; 43.0; 0.84; 
hourlyActual; 2011-12-30; 2011-10-31; 0; 39.0;  null; 1; 41.0;  0.01; 2; 39.9;  null; 3; 39.9;  null; 4; 37.4;  0.02; 5; 35.6;  0.0; 6; 36.0;  0.01; 7; 36.0;  0.04; 8; 36.0;  0.02; 9; 35.6;  0.0; 10; 37.0;  0.0; 11; 37.9;  0.0; 12; 39.0;  null; 13; 39.0;  0.0; 14; 39.9;  0.01; 15; 39.9;  0.01; 16; 39.9;  0.0; 17; 39.9;  0.01; 18; 41.0;  0.04; 19; 41.0;  0.03; 20; 42.1;  0.0; 21; 42.1;  0.02; 22; 43.0;  0.0; 23; 43.0;  0.03; 
dailyActual; 2011-12-30; 2011-10-31; 41.0; 0.13; 
hourlyActual; 2011-12-30; 2011-10-30; 0; 42.1;  0.0; 1; 42.1;  0.02; 2; 42.1;  0.01; 3; 42.1;  0.0; 4; 41.0;  0.05; 5; 41.0;  0.01; 6; 42.1;  0.0; 7; 42.1;  0.01; 8; 42.1;  0.0; 9; 43.0;  0.0; 10; 42.1;  0.02; 11; 42.1;  0.03; 12; 42.1;  0.05; 13; 42.1;  0.06; 14; 42.1;  0.13; 15; 42.8;  0.0; 16; 43.0;  0.02; 17; 43.0;  0.01; 18; 42.1;  0.0; 19; 41.0;  0.01; 20; 41.0;  0.0; 21; 41.0;  0.01; 22; 41.0;  0.03; 23; 39.9;  0.0; 
dailyActual; 2011-12-30; 2011-10-30; 43.0; 0.42; 
hourlyActual; 2011-12-30; 2011-10-29; 0; 43.0;  0.0; 1; 43.0;  null; 2; 42.8;  0.0; 3; 44.1;  0.01; 4; 44.6;  0.0; 5; 43.0;  0.04; 6; 42.1;  0.06; 7; 41.0;  0.06; 8; 42.1;  0.01; 9; 42.1;  0.02; 10; 43.0;  0.05; 11; 42.1;  0.08; 12; 43.0;  0.08; 13; 43.0;  0.04; 14; 43.0;  0.05; 15; 43.0;  0.0; 16; 43.0;  0.0; 17; 42.1;  0.0; 18; 43.0;  0.0; 19; 42.1;  0.0; 20; 42.8;  null; 21; 42.8;  0.01; 22; 42.1;  0.02; 23; 42.8;  0.01; 
dailyActual; 2011-12-30; 2011-10-29; 44.0; 0.55; 
hourlyActual; 2011-12-30; 2011-10-28; 0; 43.0;  0.0; 1; 42.1;  0.0; 2; 41.0;  0.0; 3; 42.1;  0.0; 4; 39.9;  0.0; 5; 42.8;  null; 6; 42.1;  null; 7; 39.9;  0.0; 8; 39.0;  0.0; 9; 39.9;  0.0; 10; 41.0;  null; 11; 43.0;  null; 12; 43.0;  0.0; 13; 43.0;  0.0; 14; 42.1;  0.01; 15; 42.8;  0.01; 16; 41.0;  0.01; 17; 41.0;  0.01; 18; 39.9;  0.0; 19; 41.0;  0.0; 20; 41.0;  0.01; 21; 41.0;  0.0; 22; 41.0;  0.02; 23; 41.0;  0.01; 
dailyActual; 2011-12-30; 2011-10-28; 43.0; 0.08; 
hourlyActual; 2011-12-30; 2011-10-27; 0; 41.0;  0.0; 1; 41.0;  0.0; 2; 41.0;  0.01; 3; 39.9;  0.01; 4; 41.0;  0.0; 5; 39.9;  0.04; 6; 39.9;  0.01; 7; 39.9;  0.02; 8; 41.0;  0.03; 9; 39.9;  0.02; 10; 41.0;  0.01; 11; 42.1;  0.02; 12; 42.1;  0.04; 13; 41.0;  0.01; 14; 41.0;  0.03; 15; 41.0;  0.01; 16; 41.0;  0.01; 17; 41.0;  0.01; 18; 41.0;  0.0; 19; 41.0;  0.0; 20; 42.1;  null; 21; 41.0;  0.0; 22; 39.9;  0.0; 23; 41.0;  null; 
dailyActual; 2011-12-30; 2011-10-27; 42.0; 0.26; 
hourlyActual; 2011-12-30; 2011-10-26; 0; 39.2;  0.02; 1; 39.9;  0.0; 2; 39.9;  0.0; 3; 39.9;  null; 4; 39.9;  0.02; 5; 39.9;  0.0; 6; 39.9;  0.01; 7; 39.2;  0.02; 8; 39.2;  0.01; 9; 41.0;  0.0; 10; 41.0;  0.0; 11; 41.0;  0.04; 12; 41.0;  0.02; 13; 42.1;  0.01; 14; 42.1;  0.0; 15; 42.8;  0.0; 16; 42.8;  0.0; 17; 42.1;  0.0; 18; 42.1;  0.0; 19; 42.1;  0.0; 20; 42.1;  null; 21; 39.9;  null; 22; 41.0;  null; 23; 41.0;  null; 
dailyActual; 2011-12-30; 2011-10-26; 43.0; 0.22; 
hourlyActual; 2011-12-30; 2011-10-25; 0; 44.1;  0.0; 1; 44.1;  0.0; 2; 44.1;  0.0; 3; 44.1;  0.0; 4; 44.1;  0.0; 5; 44.1;  0.0; 6; 44.6;  null; 7; 44.6;  0.0; 8; 44.1;  0.0; 9; 43.0;  0.0; 10; 44.1;  0.0; 11; 45.0;  0.02; 12; 45.0;  0.02; 13; 45.0;  0.04; 14; 43.0;  0.04; 15; 44.1;  0.09; 16; 44.1;  0.1; 17; 44.1;  0.07; 18; 43.0;  0.09; 19; 42.8;  0.07; 20; 42.1;  0.1; 21; 42.1;  0.08; 22; 41.0;  0.12; 23; 41.0;  0.08; 
dailyActual; 2011-12-30; 2011-10-25; 45.0; 0.99; 
hourlyActual; 2011-12-30; 2011-10-24; 0; 42.1;  0.0; 1; 42.1;  0.03; 2; 42.1;  0.0; 3; 42.1;  0.01; 4; 42.1;  0.01; 5; 42.1;  0.01; 6; 42.1;  null; 7; 42.1;  0.0; 8; 43.0;  0.0; 9; 43.0;  0.0; 10; 44.1;  0.0; 11; 44.1;  0.0; 12; 45.0;  null; 13; 45.0;  0.0; 14; 45.0;  0.0; 15; 44.1;  null; 16; 44.1;  0.02; 17; 43.0;  0.0; 18; 44.1;  null; 19; 43.0;  null; 20; 43.0;  null; 21; 43.0;  0.0; 22; 43.0;  0.0; 23; 44.1;  0.0; 
dailyActual; 2011-12-30; 2011-10-24; 45.0; 0.08; 
hourlyActual; 2011-12-30; 2011-10-23; 0; 44.1;  null; 1; 44.6;  null; 2; 44.1;  null; 3; 43.0;  0.0; 4; 42.8;  0.01; 5; 42.8;  null; 6; 42.8;  0.01; 7; 42.1;  0.02; 8; 42.1;  0.01; 9; 42.1;  0.01; 10; 43.0;  0.0; 11; 43.0;  0.01; 12; 42.8;  0.0; 13; 44.6;  null; 14; 42.8;  0.0; 15; 42.8;  0.01; 16; 42.1;  0.0; 17; 42.1;  0.0; 18; 42.8;  0.0; 19; 42.1;  0.01; 20; 42.1;  0.02; 21; 42.1;  0.03; 22; 43.0;  0.01; 23; 42.1;  0.0; 
dailyActual; 2011-12-30; 2011-10-23; 44.0; 0.19; 
hourlyActual; 2011-12-30; 2011-10-22; 0; 44.1;  0.0; 1; 42.8;  0.0; 2; 43.0;  0.03; 3; 43.0;  0.01; 4; 42.8;  0.0; 5; 42.1;  0.0; 6; 43.0;  0.0; 7; 43.0;  0.0; 8; 43.0;  0.0; 9; 44.1;  0.0; 10; 44.1;  0.0; 11; 44.1;  0.0; 12; 43.0;  0.03; 13; 43.0;  0.0; 14; 43.0;  0.0; 15; 43.0;  0.0; 16; 44.6;  0.0; 17; 44.1;  0.02; 18; 44.1;  null; 19; 44.1;  0.0; 20; 44.1;  0.0; 21; 44.1;  0.0; 22; 42.8;  0.0; 23; 43.0;  0.0; 
dailyActual; 2011-12-30; 2011-10-22; 45.0; 0.11; 
hourlyActual; 2011-12-30; 2011-10-21; 0; 34.0;  null; 1; 33.8;  null; 2; 32.0;  null; 3; 30.2;  null; 4; 30.2;  null; 5; 30.2;  null; 6; 30.2;  null; 7; 30.2;  null; 8; 32.0;  null; 9; 34.0;  null; 10; 36.0;  null; 11; 39.9;  null; 12; 41.0;  0.0; 13; 39.9;  0.0; 14; 41.0;  0.0; 15; 39.9;  0.0; 16; 39.2;  0.02; 17; 39.2;  0.01; 18; 39.9;  null; 19; 39.9;  0.0; 20; 39.9;  0.0; 21; 42.1;  0.01; 22; 43.0;  0.01; 23; 43.0;  0.0; 
dailyActual; 2011-12-30; 2011-10-21; 44.0; 0.05; 
hourlyActual; 2011-12-30; 2011-10-20; 0; 39.9;  0.05; 1; 39.9;  0.0; 2; 39.9;  0.0; 3; 39.2;  null; 4; 39.2;  null; 5; 41.0;  0.0; 6; 39.9;  0.0; 7; 41.0;  0.0; 8; 39.2;  0.0; 9; 41.0;  0.0; 10; 41.0;  null; 11; 41.0;  0.0; 12; 42.1;  null; 13; 42.1;  null; 14; 42.1;  0.0; 15; 42.1;  0.0; 16; 42.1;  0.0; 17; 42.1;  0.0; 18; 41.0;  0.0; 19; 41.0;  0.0; 20; 41.0;  null; 21; 39.9;  null; 22; 39.0;  null; 23; 37.0;  null; 
dailyActual; 2011-12-30; 2011-10-20; 42.0; 0.01; 
hourlyActual; 2011-12-30; 2011-10-19; 0; 43.0;  0.01; 1; 43.0;  0.01; 2; 42.8;  0.0; 3; 42.8;  null; 4; 42.1;  0.11; 5; 39.9;  0.01; 6; 39.9;  null; 7; 39.0;  null; 8; 39.0;  null; 9; 41.0;  null; 10; 43.0;  null; 11; 44.1;  null; 12; 45.0;  null; 13; 45.0;  null; 14; 45.0;  null; 15; 44.1;  null; 16; 39.2;  0.0; 17; 39.0;  0.1; 18; 37.9;  0.11; 19; 37.0;  null; 20; 37.0;  null; 21; 39.0;  0.0; 22; 39.0;  0.01; 23; 39.0;  0.05; 
dailyActual; 2011-12-30; 2011-10-19; 45.0; 0.51; 
hourlyActual; 2011-12-30; 2011-10-18; 0; 46.4;  0.05; 1; 46.0;  0.04; 2; 44.1;  0.06; 3; 44.6;  0.05; 4; 46.4;  0.01; 5; 48.0;  0.0; 6; 46.9;  0.0; 7; 48.2;  0.0; 8; 48.0;  0.04; 9; 48.0;  0.0; 10; 46.9;  0.06; 11; 46.9;  0.07; 12; 48.0;  0.01; 13; 48.0;  0.0; 14; 46.9;  0.01; 15; 46.4;  0.0; 16; 46.4;  null; 17; 45.0;  0.0; 18; 43.0;  0.02; 19; 41.0;  null; 20; 41.0;  null; 21; 44.1;  0.0; 22; 44.1;  null; 23; 44.1;  null; 
dailyActual; 2011-12-30; 2011-10-18; 48.0; 0.52; 
hourlyActual; 2011-12-30; 2011-10-17; 0; 41.0;  0.01; 1; 39.9;  null; 2; 39.9;  null; 3; 39.9;  null; 4; 39.2;  null; 5; 39.0;  null; 6; 39.0;  null; 7; 39.2;  null; 8; 39.2;  null; 9; 39.2;  null; 10; 41.0;  null; 11; 42.1;  0.0; 12; 43.0;  0.03; 13; 43.0;  0.02; 14; 43.0;  0.01; 15; 42.8;  0.01; 16; 42.8;  0.02; 17; 42.8;  0.0; 18; 42.1;  0.05; 19; 43.0;  0.06; 20; 42.1;  0.04; 21; 42.8;  0.02; 22; 46.4;  0.08; 23; 46.9;  0.14; 
dailyActual; 2011-12-30; 2011-10-17; 43.0; 0.08; 
hourlyActual; 2011-12-30; 2011-10-16; 0; 41.0;  0.0; 1; 41.0;  0.0; 2; 41.0;  0.01; 3; 41.0;  0.01; 4; 42.1;  0.0; 5; 41.0;  0.0; 6; 42.1;  null; 7; 42.8;  0.0; 8; 42.1;  0.0; 9; 43.0;  null; 10; 44.1;  0.0; 11; 44.6;  0.0; 12; 46.0;  null; 13; 46.0;  null; 14; 46.0;  0.0; 15; 45.0;  null; 16; 44.1;  null; 17; 44.1;  null; 18; 43.0;  null; 19; 43.0;  null; 20; 42.1;  null; 21; 42.1;  null; 22; 41.0;  null; 23; 41.0;  0.0; 
dailyActual; 2011-12-30; 2011-10-16; 46.0; 0.02; 
hourlyActual; 2011-12-30; 2011-10-15; 0; 42.1;  0.01; 1; 41.0;  0.01; 2; 41.0;  0.02; 3; 41.0;  0.03; 4; 41.0;  0.03; 5; 41.0;  0.02; 6; 42.1;  0.04; 7; 41.0;  0.04; 8; 42.1;  0.05; 9; 42.1;  0.04; 10; 42.1;  0.06; 11; 42.1;  0.03; 12; 42.1;  0.02; 13; 42.1;  0.02; 14; 43.0;  0.01; 15; 43.0;  0.02; 16; 42.1;  0.05; 17; 42.1;  0.04; 18; 42.1;  0.06; 19; 42.1;  0.04; 20; 42.1;  0.0; 21; 42.1;  0.0; 22; 42.1;  0.07; 23; 41.0;  0.03; 
dailyActual; 2011-12-30; 2011-10-15; 43.0; 0.75; 
hourlyActual; 2011-12-30; 2011-10-14; 0; 39.9;  null; 1; 41.0;  null; 2; 41.0;  null; 3; 41.0;  null; 4; 41.0;  null; 5; 41.0;  null; 6; 41.0;  null; 7; 41.0;  null; 8; 42.1;  null; 9; 43.0;  null; 10; 44.1;  null; 11; 44.1;  null; 12; 44.1;  0.0; 13; 44.6;  0.01; 14; 44.1;  0.0; 15; 44.6;  null; 16; 42.1;  0.03; 17; 42.1;  null; 18; 43.0;  null; 19; 42.1;  0.0; 20; 42.1;  0.0; 21; 42.1;  0.0; 22; 43.0;  0.0; 23; 42.1;  0.0; 
dailyActual; 2011-12-30; 2011-10-14; 44.0; 0.06; 
hourlyActual; 2011-12-30; 2011-10-13; 0; 45.0;  0.0; 1; 44.6;  0.0; 2; 45.0;  0.01; 3; 44.1;  0.0; 4; 44.6;  null; 5; 43.0;  0.0; 6; 43.0;  0.05; 7; 42.8;  0.05; 8; 43.0;  0.03; 9; 43.0;  0.05; 10; 42.8;  0.01; 11; 42.8;  0.04; 12; 43.0;  null; 13; 44.1;  null; 14; 44.1;  null; 15; 44.1;  null; 16; 44.1;  0.0; 17; 42.1;  0.0; 18; 41.0;  0.0; 19; 41.0;  null; 20; 41.0;  null; 21; 41.0;  null; 22; 41.0;  null; 23; 39.9;  null; 
dailyActual; 2011-12-30; 2011-10-13; 45.0; 0.3; 
hourlyActual; 2011-12-30; 2011-10-12; 0; 43.0;  0.01; 1; 43.0;  0.01; 2; 43.0;  0.05; 3; 43.0;  0.09; 4; 43.0;  0.05; 5; 44.1;  0.03; 6; 44.6;  0.0; 7; 43.0;  0.0; 8; 42.8;  0.0; 9; 45.0;  0.02; 10; 46.0;  0.02; 11; 46.4;  0.01; 12; 46.4;  0.0; 13; 48.0;  0.0; 14; 48.2;  0.0; 15; 46.9;  0.03; 16; 46.4;  0.02; 17; 46.4;  0.08; 18; 46.9;  0.06; 19; 46.0;  0.03; 20; 45.0;  0.0; 21; 44.1;  0.01; 22; 43.0;  null; 23; 45.0;  null; 
dailyActual; 2011-12-30; 2011-10-12; 48.0; 0.58; 
hourlyActual; 2011-12-30; 2011-10-11; 0; 35.1;  null; 1; 35.1;  null; 2; 33.1;  null; 3; 33.8;  null; 4; 33.1;  null; 5; 35.1;  null; 6; 35.1;  null; 7; 37.0;  null; 8; 37.9;  null; 9; 41.0;  null; 10; 44.1;  null; 11; 46.0;  0.0; 12; 46.9;  0.0; 13; 46.9;  0.0; 14; 46.9;  0.0; 15; 46.9;  0.0; 16; 46.0;  0.01; 17; 45.0;  0.02; 18; 45.0;  0.01; 19; 44.1;  0.0; 20; 44.1;  0.0; 21; 43.0;  0.01; 22; 43.0;  0.0; 23; 43.0;  0.0; 
dailyActual; 2011-12-30; 2011-10-11; 47.0; 0.06; 
hourlyActual; 2011-12-30; 2011-10-10; 0; 43.0;  null; 1; 43.0;  0.0; 2; 42.1;  null; 3; 41.0;  null; 4; 39.9;  null; 5; 39.2;  null; 6; 39.9;  null; 7; 39.2;  null; 8; 39.2;  null; 9; 41.0;  null; 10; 44.1;  null; 11; 46.0;  null; 12; 46.0;  null; 13; 48.0;  null; 14; 50.0;  null; 15; null;  null; 16; 50.0;  null; 17; 46.0;  null; 18; 46.0;  null; 19; 44.1;  null; 20; 43.0;  null; 21; 41.0;  null; 22; 39.0;  null; 23; 36.0;  null; 
dailyActual; 2011-12-30; 2011-10-10; 52.0; 0.0; 
hourlyActual; 2011-12-30; 2011-10-09; 0; 42.1;  null; 1; 42.1;  null; 2; 42.1;  null; 3; 42.1;  0.01; 4; 42.8;  0.01; 5; 42.8;  0.01; 6; 43.0;  0.0; 7; 43.0;  0.01; 8; 43.0;  0.04; 9; 43.0;  0.03; 10; 44.1;  0.0; 11; 45.0;  0.0; 12; 45.0;  null; 13; 46.0;  null; 14; 46.0;  0.0; 15; 44.6;  0.02; 16; 45.0;  0.01; 17; 46.4;  0.0; 18; 45.0;  0.0; 19; 44.1;  0.01; 20; 44.6;  null; 21; 44.6;  0.01; 22; 43.0;  null; 23; 43.0;  null; 
dailyActual; 2011-12-30; 2011-10-09; 46.0; 0.17; 
hourlyActual; 2011-12-30; 2011-10-08; 0; 45.0;  null; 1; 46.0;  0.0; 2; 45.0;  0.0; 3; 44.1;  0.0; 4; 44.1;  null; 5; 44.1;  0.0; 6; 44.1;  0.0; 7; 43.0;  0.01; 8; 43.0;  0.0; 9; 44.1;  0.0; 10; 45.0;  0.0; 11; 46.0;  0.0; 12; 46.0;  0.0; 13; 46.0;  0.0; 14; 46.4;  null; 15; 45.0;  0.0; 16; 45.0;  0.0; 17; 44.6;  0.0; 18; 43.0;  0.02; 19; 43.0;  0.01; 20; 43.0;  0.0; 21; 42.8;  null; 22; 42.1;  0.0; 23; 42.1;  null; 
dailyActual; 2011-12-30; 2011-10-08; 47.0; 0.06; 
hourlyActual; 2011-12-30; 2011-10-07; 0; 45.0;  0.01; 1; 45.0;  0.0; 2; 45.0;  0.01; 3; 45.0;  0.0; 4; 44.6;  null; 5; 45.0;  0.01; 6; 45.0;  0.01; 7; 45.0;  0.02; 8; 45.0;  0.05; 9; 46.0;  0.0; 10; 46.0;  0.0; 11; 46.9;  0.0; 12; 46.9;  0.0; 13; 48.2;  0.0; 14; 48.0;  null; 15; 48.0;  0.0; 16; 46.9;  0.0; 17; 46.0;  0.0; 18; 46.9;  0.0; 19; 46.0;  0.01; 20; 46.0;  0.02; 21; 46.0;  0.01; 22; 45.0;  0.0; 23; 45.0;  0.0; 
dailyActual; 2011-12-30; 2011-10-07; 49.0; 0.1; 
hourlyActual; 2011-12-30; 2011-10-06; 0; 44.1;  null; 1; 45.0;  null; 2; 45.0;  null; 3; 44.1;  null; 4; 44.1;  0.0; 5; 44.1;  0.0; 6; 44.6;  0.0; 7; 45.0;  0.01; 8; 45.0;  0.0; 9; 45.0;  0.0; 10; 46.0;  0.0; 11; 46.0;  0.0; 12; 46.0;  0.0; 13; 46.0;  0.01; 14; 45.0;  0.0; 15; 46.4;  0.0; 16; 46.0;  0.04; 17; 44.6;  0.02; 18; 45.0;  0.02; 19; 44.6;  0.02; 20; 45.0;  0.0; 21; 45.0;  null; 22; 45.0;  null; 23; 45.0;  0.0; 
dailyActual; 2011-12-30; 2011-10-06; 46.0; 0.14; 
hourlyActual; 2011-12-30; 2011-10-05; 0; 37.9;  null; 1; 39.2;  null; 2; 39.2;  null; 3; 39.2;  null; 4; 39.2;  null; 5; 39.2;  null; 6; 39.2;  null; 7; 41.0;  null; 8; 42.8;  null; 9; 43.0;  null; 10; 45.0;  null; 11; 45.0;  null; 12; 46.4;  null; 13; 48.0;  null; 14; 48.0;  null; 15; 48.9;  0.0; 16; 51.1;  0.0; 17; 50.0;  0.0; 18; 46.9;  null; 19; 45.0;  null; 20; 44.1;  null; 21; 45.0;  null; 22; 45.0;  0.0; 23; 45.0;  0.0; 
dailyActual; 2011-12-30; 2011-10-05; 51.0; 0.0; 
hourlyActual; 2011-12-30; 2011-10-04; 0; 32.0;  null; 1; 32.0;  null; 2; 32.0;  null; 3; 33.1;  null; 4; 34.0;  null; 5; 36.0;  0.0; 6; 37.0;  0.0; 7; 37.9;  0.0; 8; 39.0;  null; 9; 42.1;  0.0; 10; 46.0;  0.0; 11; 46.0;  0.01; 12; 48.0;  0.0; 13; 46.9;  0.0; 14; 46.9;  0.0; 15; 46.9;  0.0; 16; 46.0;  0.0; 17; 46.4;  null; 18; 45.0;  0.0; 19; 45.0;  0.0; 20; 45.0;  null; 21; 42.8;  null; 22; 42.8;  null; 23; 39.9;  null; 
dailyActual; 2011-12-30; 2011-10-04; 49.0; 0.01; 
hourlyActual; 2011-12-30; 2011-10-03; 0; 32.0;  null; 1; 30.9;  null; 2; 30.9;  null; 3; 30.0;  null; 4; 30.0;  null; 5; 30.2;  null; 6; 28.9;  null; 7; 30.9;  null; 8; 30.9;  null; 9; 37.0;  null; 10; 42.1;  null; 11; 44.1;  null; 12; 46.0;  null; 13; 48.0;  null; 14; 48.0;  null; 15; 48.0;  null; 16; 46.9;  null; 17; 46.0;  null; 18; 45.0;  null; 19; 42.1;  null; 20; 39.9;  null; 21; 37.9;  null; 22; 34.0;  null; 23; 33.1;  null; 
dailyActual; 2011-12-30; 2011-10-03; 49.0; 0.0; 
hourlyActual; 2011-12-30; 2011-10-02; 0; 35.1;  null; 1; 32.0;  null; 2; 32.0;  null; 3; 30.9;  null; 4; 30.9;  null; 5; 30.2;  null; 6; 30.2;  null; 7; 30.2;  null; 8; 33.1;  null; 9; 33.8;  null; 10; 43.0;  null; 11; 44.1;  null; 12; 46.0;  null; 13; 48.0;  null; 14; 48.9;  null; 15; 48.0;  null; 16; 46.9;  null; 17; 46.0;  null; 18; 41.0;  null; 19; 37.0;  null; 20; 37.0;  null; 21; 34.0;  null; 22; 34.0;  null; 23; 33.8;  null; 
dailyActual; 2011-12-30; 2011-10-02; 50.0; 0.0; 
hourlyActual; 2011-12-30; 2011-10-01; 0; 44.6;  null; 1; 44.1;  0.0; 2; 44.1;  0.0; 3; 44.6;  null; 4; 44.1;  0.0; 5; 44.1;  0.0; 6; 44.1;  null; 7; 42.1;  null; 8; 45.0;  null; 9; 46.4;  null; 10; 50.0;  null; 11; 51.8;  null; 12; 52.0;  null; 13; 52.0;  null; 14; 50.0;  null; 15; 50.0;  null; 16; 50.0;  null; 17; 48.0;  null; 18; 44.1;  null; 19; 39.9;  null; 20; 37.9;  null; 21; 37.0;  null; 22; 36.0;  null; 23; 35.6;  null; 
dailyActual; 2011-12-30; 2011-10-01; 53.0; 0.01; 
hourlyActual; 2011-12-30; 2011-09-30; 0; 42.8;  0.03; 1; 43.0;  0.08; 2; 43.0;  0.06; 3; 42.1;  0.03; 4; 43.0;  0.0; 5; 43.0;  0.01; 6; 43.0;  0.0; 7; 44.1;  0.0; 8; 45.0;  0.0; 9; 45.0;  0.0; 10; 46.9;  null; 11; 48.0;  0.0; 12; 50.0;  null; 13; 48.9;  0.0; 14; 48.0;  0.01; 15; 48.0;  null; 16; 46.9;  null; 17; 45.0;  0.0; 18; 45.0;  null; 19; 45.0;  0.0; 20; 44.1;  0.01; 21; 45.0;  0.0; 22; 45.0;  0.0; 23; 45.0;  null; 
dailyActual; 2011-12-30; 2011-09-30; 50.0; 0.18; 
hourlyActual; 2011-12-30; 2011-09-29; 0; 45.0;  0.01; 1; 45.0;  0.0; 2; 45.0;  0.0; 3; 45.0;  0.01; 4; 45.0;  0.0; 5; 45.0;  0.0; 6; 45.0;  0.0; 7; 44.1;  0.0; 8; 45.0;  null; 9; 46.0;  null; 10; 46.4;  null; 11; 46.9;  0.0; 12; 48.0;  null; 13; 48.0;  null; 14; 46.9;  null; 15; 48.0;  null; 16; 46.9;  null; 17; 46.9;  null; 18; 46.0;  0.0; 19; 45.0;  0.01; 20; 44.1;  0.03; 21; 44.1;  0.03; 22; 44.1;  0.03; 23; 43.0;  0.12; 
dailyActual; 2011-12-30; 2011-09-29; 49.0; 0.31; 
hourlyActual; 2011-12-30; 2011-09-28; 0; 46.9;  0.02; 1; 46.9;  0.04; 2; 46.9;  0.0; 3; 46.9;  0.0; 4; 46.9;  null; 5; 48.0;  null; 6; 46.9;  0.0; 7; 46.9;  0.0; 8; 46.0;  0.01; 9; 46.9;  0.02; 10; 46.9;  0.0; 11; 46.9;  0.02; 12; 46.9;  0.03; 13; 46.9;  0.05; 14; 46.9;  0.06; 15; 46.0;  0.06; 16; 46.4;  0.01; 17; 46.4;  0.03; 18; 46.0;  0.04; 19; 45.0;  0.05; 20; 46.0;  0.04; 21; 46.4;  0.0; 22; 44.6;  0.02; 23; 44.6;  0.0; 
dailyActual; 2011-12-30; 2011-09-28; 48.0; 0.68; 
hourlyActual; 2011-12-30; 2011-09-27; 0; 44.1;  null; 1; 46.0;  null; 2; 44.1;  null; 3; 44.1;  null; 4; 44.1;  null; 5; 43.0;  null; 6; 43.0;  null; 7; 43.0;  0.0; 8; 46.0;  0.0; 9; 46.0;  0.0; 10; 48.0;  null; 11; 50.0;  0.0; 12; 48.9;  null; 13; 48.9;  null; 14; 48.9;  null; 15; 50.0;  null; 16; 48.9;  null; 17; 48.0;  0.0; 18; 48.0;  0.0; 19; 48.0;  0.0; 20; 48.0;  null; 21; 48.0;  0.0; 22; 46.9;  0.0; 23; 46.9;  0.01; 
dailyActual; 2011-12-30; 2011-09-27; 50.0; 0.0; 
hourlyActual; 2011-12-30; 2011-09-26; 0; 46.0;  null; 1; 45.0;  null; 2; 45.0;  null; 3; 43.0;  null; 4; 42.1;  0.0; 5; 39.9;  null; 6; 41.0;  null; 7; 39.9;  null; 8; 41.0;  null; 9; 46.0;  null; 10; 48.0;  null; 11; 51.1;  null; 12; 51.8;  null; 13; 55.0;  null; 14; 55.4;  null; 15; 55.0;  null; 16; 55.0;  null; 17; 52.0;  null; 18; 48.9;  null; 19; 48.9;  null; 20; 48.0;  null; 21; 46.9;  null; 22; 44.1;  null; 23; 44.1;  null; 
dailyActual; 2011-12-30; 2011-09-26; 56.0; 0.0; 
hourlyActual; 2011-12-30; 2011-09-25; 0; 37.4;  null; 1; 35.6;  null; 2; 35.6;  null; 3; 34.0;  null; 4; 35.1;  null; 5; 34.0;  null; 6; 35.1;  null; 7; 35.6;  null; 8; 39.9;  null; 9; 45.0;  null; 10; 48.0;  null; 11; 48.9;  null; 12; 48.9;  null; 13; 52.0;  null; 14; 50.0;  null; 15; 51.1;  0.0; 16; 48.9;  null; 17; 48.0;  null; 18; 46.0;  null; 19; 46.9;  null; 20; 45.0;  null; 21; 42.1;  null; 22; 42.1;  null; 23; 45.0;  null; 
dailyActual; 2011-12-30; 2011-09-25; 52.0; 0.0; 
hourlyActual; 2011-12-30; 2011-09-24; 0; 46.0;  0.0; 1; 46.0;  0.0; 2; 45.0;  0.0; 3; 45.0;  0.0; 4; 45.0;  0.0; 5; 45.0;  0.0; 6; 45.0;  0.0; 7; 44.6;  null; 8; 45.0;  0.02; 9; 45.0;  0.03; 10; 44.1;  0.03; 11; 46.9;  0.01; 12; 48.0;  null; 13; 48.9;  null; 14; 48.9;  null; 15; 48.9;  null; 16; 48.0;  null; 17; 48.0;  null; 18; 44.1;  null; 19; 39.9;  null; 20; 37.9;  null; 21; 36.0;  null; 22; 35.6;  null; 23; 37.4;  null; 
dailyActual; 2011-12-30; 2011-09-24; 49.0; 0.1; 
hourlyActual; 2011-12-30; 2011-09-23; 0; 50.0;  0.0; 1; 48.0;  0.0; 2; 46.0;  0.03; 3; 45.0;  0.01; 4; 45.0;  0.0; 5; 44.1;  0.01; 6; 44.6;  0.0; 7; 45.0;  0.02; 8; 45.0;  0.02; 9; 46.9;  0.0; 10; 46.0;  0.02; 11; 46.4;  0.04; 12; 46.4;  0.03; 13; 46.9;  0.07; 14; 46.0;  0.03; 15; 46.4;  0.0; 16; 46.0;  0.01; 17; 46.0;  0.0; 18; 46.9;  0.0; 19; 46.9;  null; 20; 46.9;  null; 21; 46.9;  0.0; 22; 46.9;  null; 23; 46.9;  0.0; 
dailyActual; 2011-12-30; 2011-09-23; 50.0; 0.33; 
hourlyActual; 2011-12-30; 2011-09-22; 0; 48.9;  null; 1; 48.9;  0.0; 2; 48.0;  0.0; 3; 48.0;  0.0; 4; 48.0;  0.0; 5; 48.0;  0.0; 6; 46.9;  0.0; 7; 48.0;  0.0; 8; 46.9;  0.0; 9; 48.0;  0.0; 10; 48.9;  0.0; 11; 48.9;  null; 12; 50.0;  0.0; 13; 52.0;  null; 14; 51.1;  0.0; 15; 50.0;  0.0; 16; 51.1;  null; 17; 50.0;  null; 18; 46.9;  null; 19; 45.0;  null; 20; 44.1;  null; 21; 44.1;  null; 22; 45.0;  null; 23; 45.0;  null; 
dailyActual; 2011-12-30; 2011-09-22; 52.0; 0.0; 
hourlyActual; 2011-12-30; 2011-09-21; 0; 48.9;  0.0; 1; 50.0;  0.02; 2; 50.0;  0.01; 3; 50.0;  0.01; 4; 52.0;  0.02; 5; 50.0;  0.0; 6; 48.9;  0.0; 7; 48.0;  0.04; 8; 48.2;  0.04; 9; 51.8;  0.04; 10; 52.0;  0.02; 11; 51.1;  0.1; 12; 50.0;  0.12; 13; 50.0;  0.15; 14; 50.0;  0.09; 15; 50.0;  0.06; 16; 50.0;  0.05; 17; 50.0;  0.06; 18; 48.9;  0.13; 19; 50.0;  0.17; 20; 50.0;  0.07; 21; 50.0;  0.0; 22; 50.0;  0.0; 23; 48.9;  null; 
dailyActual; 2011-12-30; 2011-09-21; 53.0; 0.75; 
hourlyActual; 2011-12-30; 2011-09-20; 0; 50.0;  0.01; 1; 50.0;  0.01; 2; 51.1;  0.01; 3; 51.1;  0.02; 4; 52.0;  0.03; 5; 52.0;  0.0; 6; 52.0;  0.01; 7; 52.0;  0.01; 8; 53.1;  0.01; 9; 52.0;  0.0; 10; 51.8;  0.01; 11; 52.0;  0.05; 12; 52.0;  0.02; 13; 52.0;  0.02; 14; 53.1;  0.03; 15; 51.1;  0.01; 16; 51.1;  0.05; 17; 50.0;  0.05; 18; 50.0;  0.05; 19; 50.0;  0.05; 20; 50.0;  0.03; 21; 50.0;  0.0; 22; 50.0;  0.02; 23; 48.9;  0.02; 
dailyActual; 2011-12-30; 2011-09-20; 53.0; 0.26; 
hourlyActual; 2011-12-30; 2011-09-19; 0; 48.9;  null; 1; 48.9;  0.01; 2; 48.0;  null; 3; 48.0;  null; 4; 48.9;  0.0; 5; 48.9;  null; 6; 50.0;  null; 7; 50.0;  null; 8; 50.0;  0.0; 9; 52.0;  0.0; 10; 53.1;  0.0; 11; 53.1;  0.0; 12; 52.0;  0.0; 13; 50.0;  0.01; 14; 51.1;  0.0; 15; 50.0;  0.04; 16; 50.0;  0.02; 17; 50.0;  0.05; 18; 50.0;  0.03; 19; 51.1;  0.0; 20; 52.0;  0.0; 21; 51.1;  0.0; 22; 52.0;  0.0; 23; 52.0;  0.0; 
dailyActual; 2011-12-30; 2011-09-19; 53.0; 0.06; 
hourlyActual; 2011-12-30; 2011-09-18; 0; 42.8;  null; 1; 42.1;  null; 2; 41.0;  null; 3; 42.1;  null; 4; 42.1;  null; 5; 43.0;  0.0; 6; 44.1;  0.03; 7; 44.1;  0.0; 8; 45.0;  0.0; 9; 46.9;  null; 10; 48.9;  null; 11; 51.1;  null; 12; 51.1;  0.0; 13; 50.0;  0.0; 14; 52.0;  0.0; 15; 52.0;  0.0; 16; 51.1;  0.0; 17; 50.0;  0.0; 18; 48.9;  0.01; 19; 48.0;  0.0; 20; 48.9;  null; 21; 48.9;  0.0; 22; 48.9;  0.0; 23; 48.0;  null; 
dailyActual; 2011-12-30; 2011-09-18; 52.0; 0.04; 
hourlyActual; 2011-12-30; 2011-09-17; 0; 48.9;  null; 1; 48.9;  0.0; 2; 48.9;  null; 3; 48.0;  0.0; 4; 46.9;  0.0; 5; 48.0;  null; 6; 48.0;  null; 7; 48.9;  null; 8; 50.0;  null; 9; 51.1;  null; 10; 50.0;  0.0; 11; 52.0;  0.0; 12; 52.0;  0.0; 13; 51.1;  0.01; 14; 53.1;  0.0; 15; 53.1;  null; 16; 53.1;  null; 17; 51.1;  null; 18; 51.1;  null; 19; 46.9;  null; 20; 46.0;  null; 21; 44.1;  null; 22; 43.0;  null; 23; 43.0;  null; 
dailyActual; 2011-12-30; 2011-09-17; 54.0; 0.01; 
hourlyActual; 2011-12-30; 2011-09-16; 0; 46.9;  null; 1; 46.9;  null; 2; 46.9;  null; 3; 48.0;  null; 4; 46.9;  null; 5; 46.9;  null; 6; 46.9;  0.0; 7; 48.0;  null; 8; 48.9;  null; 9; 50.0;  null; 10; 52.0;  null; 11; 52.0;  null; 12; 53.1;  null; 13; 55.0;  null; 14; 55.0;  null; 15; 54.0;  null; 16; 53.1;  null; 17; 52.0;  0.0; 18; 51.1;  0.0; 19; 50.0;  0.0; 20; 48.9;  0.0; 21; 48.0;  0.0; 22; 48.9;  0.0; 23; 48.0;  0.0; 
dailyActual; 2011-12-30; 2011-09-16; 56.0; 0.0; 
hourlyActual; 2011-12-30; 2011-09-15; 0; 46.0;  null; 1; 44.1;  null; 2; 43.0;  null; 3; 41.0;  null; 4; 41.0;  null; 5; 39.2;  null; 6; 39.2;  null; 7; 39.2;  null; 8; 42.8;  null; 9; 46.4;  null; 10; 51.1;  null; 11; 53.1;  null; 12; 54.0;  null; 13; 55.0;  null; 14; 57.0;  null; 15; 54.0;  null; 16; 53.1;  null; 17; 53.1;  null; 18; 52.0;  null; 19; 50.0;  null; 20; 48.9;  0.0; 21; 48.9;  null; 22; 48.0;  null; 23; 46.0;  null; 
dailyActual; 2011-12-30; 2011-09-15; 57.0; 0.0; 
hourlyActual; 2011-12-30; 2011-09-14; 0; 53.1;  0.01; 1; 53.1;  0.0; 2; 52.0;  null; 3; 53.1;  null; 4; 53.1;  0.0; 5; 52.0;  0.03; 6; 52.0;  0.03; 7; 51.8;  0.02; 8; 53.1;  0.02; 9; 53.1;  0.02; 10; 53.1;  0.02; 11; 52.0;  0.04; 12; 52.0;  0.04; 13; 52.0;  0.08; 14; 53.1;  0.1; 15; 53.1;  0.05; 16; 53.1;  0.03; 17; 53.1;  0.02; 18; 53.1;  0.0; 19; 52.0;  null; 20; 51.8;  null; 21; 51.8;  0.0; 22; 48.9;  null; 23; 48.0;  null; 
dailyActual; 2011-12-30; 2011-09-14; 53.0; 0.45; 
hourlyActual; 2011-12-30; 2011-09-13; 0; 54.0;  null; 1; 55.0;  null; 2; 59.0;  null; 3; 57.9;  null; 4; 59.0;  null; 5; 59.0;  null; 6; 55.0;  0.0; 7; 55.9;  0.0; 8; 55.9;  0.0; 9; 55.9;  0.0; 10; 55.9;  0.0; 11; 55.9;  null; 12; 55.0;  null; 13; 55.9;  null; 14; 55.9;  null; 15; 55.4;  null; 16; 55.4;  null; 17; 55.0;  null; 18; 57.0;  null; 19; 54.0;  0.0; 20; 54.0;  0.0; 21; 55.0;  0.01; 22; 54.0;  0.02; 23; 54.0;  0.0; 
dailyActual; 2011-12-30; 2011-09-13; 60.0; 0.0; 
hourlyActual; 2011-12-30; 2011-09-12; 0; 42.1;  null; 1; 42.1;  null; 2; 41.0;  null; 3; 41.0;  null; 4; 39.9;  null; 5; 37.9;  null; 6; 37.4;  null; 7; 42.1;  null; 8; 46.0;  null; 9; 51.1;  null; 10; 53.1;  null; 11; 55.9;  null; 12; 57.9;  null; 13; 55.9;  null; 14; 60.1;  null; 15; 64.0;  null; 16; 62.1;  null; 17; 60.1;  null; 18; 57.0;  null; 19; 54.0;  null; 20; 55.0;  0.0; 21; 55.4;  null; 22; 55.0;  null; 23; 55.9;  null; 
dailyActual; 2011-12-30; 2011-09-12; 64.0; 0.0; 
hourlyActual; 2011-12-30; 2011-09-11; 0; 39.0;  null; 1; 37.9;  null; 2; 39.0;  null; 3; 37.9;  null; 4; 37.9;  null; 5; 39.0;  null; 6; 37.4;  null; 7; 39.0;  null; 8; 44.1;  null; 9; 48.0;  null; 10; 48.9;  null; 11; 51.1;  null; 12; 54.0;  null; 13; 54.0;  null; 14; 55.9;  null; 15; 57.0;  null; 16; 57.0;  null; 17; 57.0;  null; 18; 52.0;  null; 19; 50.0;  null; 20; 46.9;  null; 21; 46.0;  null; 22; 45.0;  null; 23; 44.1;  null; 
dailyActual; 2011-12-30; 2011-09-11; 57.0; 0.0; 
hourlyActual; 2011-12-30; 2011-09-10; 0; 46.0;  null; 1; 44.1;  null; 2; 41.0;  null; 3; 41.0;  null; 4; 41.0;  null; 5; 39.2;  null; 6; 39.2;  null; 7; 39.2;  null; 8; 44.1;  null; 9; 50.0;  null; 10; 53.1;  null; 11; 55.0;  null; 12; 57.0;  null; 13; 59.0;  null; 14; 59.0;  null; 15; 60.1;  null; 16; 60.1;  null; 17; 57.0;  null; 18; 53.1;  null; 19; 48.9;  null; 20; 45.0;  null; 21; 44.1;  null; 22; 41.0;  null; 23; 39.0;  null; 
dailyActual; 2011-12-30; 2011-09-10; 60.0; 0.0; 
hourlyActual; 2011-12-30; 2011-09-09; 0; 53.6;  null; 1; 54.0;  null; 2; 55.9;  0.0; 3; 55.0;  0.04; 4; 55.0;  null; 5; 55.4;  null; 6; 55.0;  0.0; 7; 54.0;  0.0; 8; 55.0;  null; 9; 55.0;  null; 10; 55.9;  null; 11; 55.9;  null; 12; 57.0;  0.03; 13; 55.9;  0.0; 14; 57.9;  null; 15; 57.0;  null; 16; 57.0;  null; 17; 57.0;  null; 18; 55.0;  null; 19; 52.0;  null; 20; 51.1;  null; 21; 50.0;  null; 22; 46.9;  null; 23; 46.9;  null; 
dailyActual; 2011-12-30; 2011-09-09; 58.0; 0.07; 
hourlyActual; 2011-12-30; 2011-09-08; 0; 46.9;  null; 1; 46.9;  null; 2; 46.9;  null; 3; 46.0;  null; 4; 45.0;  null; 5; 45.0;  null; 6; 46.4;  null; 7; 46.0;  null; 8; 48.0;  null; 9; 50.0;  null; 10; 51.1;  null; 11; 50.0;  0.0; 12; 50.0;  0.03; 13; 48.9;  0.09; 14; 50.0;  0.19; 15; 50.0;  0.03; 16; 48.9;  0.12; 17; 48.2;  0.09; 18; 48.2;  0.11; 19; 48.2;  null; 20; 48.9;  0.02; 21; 48.2;  0.03; 22; 48.2;  0.0; 23; 51.8;  0.04; 
dailyActual; 2011-12-30; 2011-09-08; 55.0; 0.95; 
hourlyActual; 2011-12-30; 2011-09-07; 0; 53.1;  0.0; 1; 52.0;  0.0; 2; 53.1;  0.0; 3; 53.1;  0.0; 4; 53.1;  null; 5; 54.0;  null; 6; 52.0;  null; 7; 53.1;  null; 8; 55.0;  null; 9; 57.0;  null; 10; 59.0;  null; 11; 61.0;  null; 12; 63.0;  null; 13; 63.0;  null; 14; 62.1;  null; 15; 61.0;  null; 16; 62.1;  null; 17; 62.1;  null; 18; 61.0;  null; 19; 55.9;  null; 20; 52.0;  null; 21; 50.0;  null; 22; 50.0;  null; 23; 46.9;  null; 
dailyActual; 2011-12-30; 2011-09-07; 64.0; 0.0; 
hourlyActual; 2011-12-30; 2011-09-06; 0; 54.0;  0.13; 1; 54.0;  0.12; 2; 53.6;  0.04; 3; 51.8;  null; 4; 50.0;  null; 5; 50.0;  null; 6; 53.6;  null; 7; 54.0;  null; 8; 54.0;  0.0; 9; 55.0;  null; 10; 55.0;  null; 11; 55.9;  0.0; 12; 54.0;  0.14; 13; 55.0;  0.07; 14; 55.0;  0.0; 15; 55.9;  0.0; 16; 54.0;  0.03; 17; 54.0;  0.0; 18; 53.1;  0.0; 19; 52.0;  0.06; 20; 51.1;  null; 21; 51.1;  null; 22; 52.0;  null; 23; 50.0;  null; 
dailyActual; 2011-12-30; 2011-09-06; 57.0; 0.43; 
hourlyActual; 2011-12-30; 2011-09-05; 0; 48.9;  0.0; 1; 48.9;  0.01; 2; 48.0;  0.0; 3; 48.2;  0.01; 4; 48.0;  null; 5; 48.0;  null; 6; 48.0;  0.0; 7; 48.0;  0.0; 8; 50.0;  0.0; 9; 50.0;  0.0; 10; 51.1;  0.0; 11; 52.0;  null; 12; 52.0;  0.0; 13; 51.1;  0.0; 14; 52.0;  0.0; 15; 51.1;  0.01; 16; 50.0;  0.04; 17; 50.0;  0.06; 18; 50.0;  0.05; 19; 48.9;  0.12; 20; 50.0;  0.1; 21; 51.1;  0.04; 22; 52.0;  0.01; 23; 54.0;  0.04; 
dailyActual; 2011-12-30; 2011-09-05; 53.0; 0.04; 
hourlyActual; 2011-12-30; 2011-09-04; 0; 48.2;  0.05; 1; 48.2;  0.08; 2; 50.0;  0.0; 3; 48.2;  0.0; 4; 50.0;  null; 5; 48.2;  0.0; 6; 48.9;  0.0; 7; 48.9;  0.0; 8; 48.9;  0.0; 9; 50.0;  0.0; 10; 51.1;  0.0; 11; 52.0;  null; 12; 52.0;  0.0; 13; 51.1;  0.02; 14; 50.0;  0.01; 15; 51.1;  0.04; 16; 50.0;  0.12; 17; 50.0;  0.08; 18; 48.9;  0.05; 19; 50.0;  0.01; 20; 50.0;  0.02; 21; 50.0;  0.0; 22; 50.0;  0.0; 23; 48.9;  0.0; 
dailyActual; 2011-12-30; 2011-09-04; 52.0; 0.19; 
hourlyActual; 2011-12-30; 2011-09-03; 0; 53.6;  null; 1; 53.1;  null; 2; 53.1;  null; 3; 53.1;  null; 4; 53.1;  null; 5; 53.1;  null; 6; 52.0;  0.0; 7; 52.0;  0.0; 8; 53.1;  null; 9; 53.1;  0.0; 10; 52.0;  0.09; 11; 52.0;  0.1; 12; 52.0;  0.12; 13; 51.8;  0.03; 14; 51.8;  0.05; 15; 50.0;  0.1; 16; 50.0;  0.06; 17; 48.9;  0.01; 18; 48.9;  0.01; 19; 48.9;  0.01; 20; 48.2;  0.02; 21; 48.2;  0.01; 22; 48.2;  null; 23; 48.2;  0.0; 
dailyActual; 2011-12-30; 2011-09-03; 53.0; 0.99; 
hourlyActual; 2011-12-30; 2011-09-02; 0; 44.1;  null; 1; 42.8;  null; 2; 43.0;  null; 3; 43.0;  null; 4; 44.6;  null; 5; 44.6;  null; 6; 46.4;  null; 7; 48.2;  0.0; 8; 51.1;  0.0; 9; 52.0;  null; 10; 52.0;  0.0; 11; 52.0;  0.0; 12; 52.0;  0.03; 13; 52.0;  0.03; 14; 52.0;  0.0; 15; 51.8;  0.01; 16; 53.6;  0.0; 17; 52.0;  0.12; 18; 52.0;  0.03; 19; 52.0;  0.03; 20; 53.1;  0.01; 21; 53.6;  0.0; 22; 53.1;  0.0; 23; 53.1;  null; 
dailyActual; 2011-12-30; 2011-09-02; 53.0; 0.29; 
hourlyActual; 2011-12-30; 2011-09-01; 0; 48.9;  0.2; 1; 48.9;  0.23; 2; 48.0;  0.11; 3; 48.0;  0.07; 4; 46.0;  0.05; 5; 46.0;  0.02; 6; 46.4;  0.0; 7; 46.4;  0.0; 8; 46.4;  0.01; 9; 46.4;  0.01; 10; 50.0;  0.01; 11; 48.9;  0.0; 12; 52.0;  0.0; 13; 53.1;  null; 14; 54.0;  null; 15; 55.9;  null; 16; 55.0;  null; 17; 54.0;  null; 18; 53.1;  null; 19; 50.0;  null; 20; 48.0;  null; 21; 46.0;  null; 22; 46.0;  null; 23; 46.9;  null; 
dailyActual; 2011-12-30; 2011-09-01; 56.0; 0.47; 
hourlyActual; 2011-12-30; 2011-08-31; 0; 50.0;  null; 1; 50.0;  null; 2; 48.9;  null; 3; 48.9;  null; 4; 48.9;  null; 5; 48.2;  null; 6; 48.2;  null; 7; 50.0;  null; 8; 52.0;  null; 9; 54.0;  null; 10; 54.0;  null; 11; 55.0;  null; 12; 55.9;  null; 13; 55.9;  null; 14; 54.0;  null; 15; 55.0;  null; 16; 52.0;  0.0; 17; 51.1;  0.0; 18; 50.0;  0.0; 19; 50.0;  0.0; 20; 48.9;  0.01; 21; 48.9;  0.01; 22; 48.0;  0.12; 23; 48.9;  0.15; 
dailyActual; 2011-12-30; 2011-08-31; 56.0; 0.0; 
hourlyActual; 2011-12-30; 2011-08-30; 0; 51.1;  null; 1; 50.0;  null; 2; 50.0;  null; 3; 50.0;  null; 4; 50.0;  null; 5; 50.0;  null; 6; 50.0;  null; 7; 50.0;  null; 8; 52.0;  null; 9; 53.1;  null; 10; 54.0;  null; 11; 55.9;  null; 12; 57.0;  null; 13; 55.9;  null; 14; 55.9;  null; 15; 57.0;  null; 16; 57.0;  null; 17; 55.4;  null; 18; 54.0;  null; 19; 52.0;  null; 20; 51.1;  null; 21; 51.1;  null; 22; 51.1;  null; 23; 50.0;  null; 
dailyActual; 2011-12-30; 2011-08-30; 58.0; 0.0; 
hourlyActual; 2011-12-30; 2011-08-29; 0; 50.0;  0.04; 1; 48.0;  0.01; 2; 48.9;  0.01; 3; 46.4;  0.0; 4; 48.2;  null; 5; 48.2;  null; 6; 48.2;  null; 7; 48.0;  null; 8; 50.0;  null; 9; 53.1;  null; 10; 53.6;  null; 11; 54.0;  null; 12; 55.9;  null; 13; 55.9;  null; 14; 55.9;  null; 15; 55.0;  null; 16; 55.9;  null; 17; 55.0;  null; 18; 54.0;  null; 19; 53.1;  null; 20; 52.0;  null; 21; 52.0;  null; 22; 51.1;  null; 23; 51.1;  null; 
dailyActual; 2011-12-30; 2011-08-29; 58.0; 0.02; 
hourlyActual; 2011-12-30; 2011-08-28; 0; 50.0;  0.15; 1; 50.0;  0.06; 2; 48.9;  0.01; 3; 51.1;  0.0; 4; 50.0;  0.01; 5; 51.8;  0.0; 6; 48.9;  0.01; 7; 50.0;  0.05; 8; 50.0;  0.01; 9; 50.0;  0.09; 10; 51.1;  0.04; 11; 50.0;  0.02; 12; 50.0;  0.0; 13; 51.8;  0.02; 14; 50.0;  0.01; 15; 50.0;  0.1; 16; 51.1;  0.05; 17; 52.0;  0.01; 18; 51.8;  0.02; 19; 51.1;  0.02; 20; 51.1;  0.03; 21; 51.1;  0.03; 22; 48.9;  0.03; 23; 48.2;  0.03; 
dailyActual; 2011-12-30; 2011-08-28; 52.0; 0.76; 
hourlyActual; 2011-12-30; 2011-08-27; 0; 50.0;  null; 1; 50.0;  null; 2; 48.2;  null; 3; 48.9;  null; 4; 48.9;  null; 5; 50.0;  null; 6; 48.2;  null; 7; 48.9;  0.0; 8; 48.9;  0.0; 9; 51.1;  0.0; 10; 53.1;  0.01; 11; 50.0;  0.0; 12; 51.1;  0.0; 13; 51.1;  null; 14; 52.0;  0.0; 15; 52.0;  null; 16; 52.0;  0.0; 17; 52.0;  0.0; 18; 51.1;  0.01; 19; 51.1;  0.03; 20; 51.1;  0.01; 21; 51.1;  0.02; 22; 51.1;  0.02; 23; 50.0;  0.09; 
dailyActual; 2011-12-30; 2011-08-27; 53.0; 0.34; 
hourlyActual; 2011-12-30; 2011-08-26; 0; 48.9;  0.0; 1; 48.9;  0.03; 2; 50.0;  0.03; 3; 48.9;  0.08; 4; 48.9;  0.02; 5; 48.9;  0.11; 6; 48.9;  0.03; 7; 48.9;  0.11; 8; 48.9;  0.09; 9; 48.9;  0.01; 10; 52.0;  0.01; 11; 51.1;  0.0; 12; 51.1;  0.0; 13; 50.0;  0.02; 14; 50.0;  0.01; 15; 51.1;  null; 16; 51.1;  0.0; 17; 51.1;  0.0; 18; 51.1;  0.0; 19; 51.1;  null; 20; 51.1;  null; 21; 51.1;  null; 22; 51.1;  0.0; 23; 51.1;  0.0; 
dailyActual; 2011-12-30; 2011-08-26; 52.0; 0.55; 
hourlyActual; 2011-12-30; 2011-08-25; 0; 48.0;  null; 1; 48.0;  null; 2; 46.9;  null; 3; 48.0;  null; 4; 48.9;  null; 5; 48.0;  null; 6; 48.9;  null; 7; 50.0;  null; 8; 50.0;  null; 9; 55.0;  null; 10; 55.9;  null; 11; 55.0;  null; 12; 59.0;  null; 13; 59.0;  null; 14; 59.0;  null; 15; 57.0;  null; 16; 55.9;  null; 17; 55.0;  null; 18; 53.1;  null; 19; 51.1;  0.0; 20; 50.0;  0.0; 21; 50.0;  0.02; 22; 48.9;  0.05; 23; 48.9;  0.03; 
dailyActual; 2011-12-30; 2011-08-25; 59.0; 0.1; 
hourlyActual; 2011-12-30; 2011-08-24; 0; 48.9;  0.04; 1; 48.0;  0.02; 2; 48.2;  0.03; 3; 48.9;  0.03; 4; 48.9;  0.09; 5; 48.2;  0.12; 6; 50.0;  0.08; 7; 48.9;  0.04; 8; 50.0;  0.06; 9; 50.0;  0.06; 10; 48.9;  0.01; 11; 50.0;  0.02; 12; 50.0;  0.08; 13; 50.0;  0.04; 14; 50.0;  0.04; 15; 51.1;  0.0; 16; 51.1;  0.0; 17; 51.8;  0.01; 18; 51.1;  0.0; 19; 51.1;  0.01; 20; 51.1;  0.0; 21; 51.1;  null; 22; 48.9;  null; 23; 48.9;  null; 
dailyActual; 2011-12-30; 2011-08-24; 51.0; 0.84; 
hourlyActual; 2011-12-30; 2011-08-23; 0; 52.0;  0.02; 1; 52.0;  0.0; 2; 52.0;  0.06; 3; 53.6;  0.0; 4; 52.0;  null; 5; 53.6;  null; 6; 53.6;  0.0; 7; 53.1;  0.0; 8; 53.1;  0.02; 9; 53.1;  0.01; 10; 53.1;  0.02; 11; 53.1;  0.0; 12; 52.0;  0.06; 13; 53.1;  0.01; 14; 54.0;  0.0; 15; 53.1;  0.0; 16; 53.1;  0.0; 17; 51.8;  0.0; 18; 52.0;  0.01; 19; 51.1;  null; 20; 50.0;  null; 21; 48.9;  0.0; 22; 50.0;  0.0; 23; 48.9;  0.02; 
dailyActual; 2011-12-30; 2011-08-23; 55.0; 0.25; 
hourlyActual; 2011-12-30; 2011-08-22; 0; 53.1;  0.02; 1; 53.1;  0.01; 2; 53.1;  0.0; 3; 53.1;  0.0; 4; 53.1;  0.0; 5; 51.8;  0.0; 6; 51.1;  0.02; 7; 51.1;  0.06; 8; 52.0;  0.03; 9; 52.0;  0.03; 10; 52.0;  0.02; 11; 52.0;  0.01; 12; 52.0;  0.0; 13; 52.0;  0.02; 14; 52.0;  0.03; 15; 53.1;  0.01; 16; 52.0;  0.01; 17; 52.0;  0.0; 18; 51.1;  0.0; 19; 52.0;  0.0; 20; 51.8;  null; 21; 52.0;  null; 22; 52.0;  null; 23; 53.1;  0.0; 
dailyActual; 2011-12-30; 2011-08-22; 53.0; 0.27; 
hourlyActual; 2011-12-30; 2011-08-21; 0; 55.4;  null; 1; 55.0;  0.02; 2; 54.0;  0.01; 3; 53.1;  0.01; 4; 54.0;  0.0; 5; 54.0;  0.0; 6; 54.0;  null; 7; 55.0;  0.0; 8; 53.6;  0.04; 9; 55.0;  0.0; 10; 55.0;  0.0; 11; 55.0;  0.01; 12; 55.0;  0.03; 13; 55.0;  0.02; 14; 55.0;  0.0; 15; 54.0;  0.02; 16; 54.0;  0.02; 17; 54.0;  0.0; 18; 53.1;  0.0; 19; 54.0;  0.02; 20; 53.6;  0.06; 21; 53.1;  0.01; 22; 53.1;  0.02; 23; 53.1;  0.02; 
dailyActual; 2011-12-30; 2011-08-21; 56.0; 0.41; 
hourlyActual; 2011-12-30; 2011-08-20; 0; 55.9;  0.06; 1; 57.0;  0.1; 2; 57.9;  0.09; 3; 57.9;  0.13; 4; 57.9;  0.09; 5; 59.0;  0.1; 6; 59.0;  0.12; 7; 59.0;  0.12; 8; 59.0;  0.15; 9; 59.0;  0.09; 10; 59.0;  0.11; 11; 59.0;  0.03; 12; 57.9;  0.02; 13; 57.9;  0.0; 14; 57.9;  0.06; 15; 57.9;  0.0; 16; 57.9;  0.01; 17; 57.9;  0.05; 18; 57.0;  0.0; 19; 57.0;  0.06; 20; 57.0;  0.01; 21; 55.9;  0.01; 22; 55.4;  0.01; 23; 55.0;  0.01; 
dailyActual; 2011-12-30; 2011-08-20; 59.0; 1.43; 
